pos,#,player,gp,min,pts,fgm,fga,fg%,3pm,3pa,3p%,ftm,fta,ft%,oreb,dreb,reb,ast,stl,blk,tov,eff
/player/947/traditional/,1,Allen Iverson,48,41.5,26.8,9.1,22.0,41.2,1.2,4.1,29.1,7.4,9.9,75.1,1.4,3.5,4.9,4.6,2.3,0.1,3.5,19.9
/player/406/traditional/,2,Shaquille O'Neal,49,34.8,26.3,10.4,18.1,57.6,0.0,0.0,0.0,5.5,10.2,54.0,3.8,6.9,10.7,2.3,0.7,1.7,2.5,26.9
/player/252/traditional/,3,Karl Malone,49,37.4,23.8,8.0,16.3,49.3,0.0,0.0,0.0,7.7,9.8,78.8,2.2,7.3,9.4,4.1,1.3,0.6,3.3,25.5
/player/949/traditional/,4,Shareef Abdur-Rahim,50,40.4,23.0,7.7,17.9,43.2,0.2,0.7,30.6,7.4,8.8,84.1,2.3,5.2,7.5,3.4,1.4,1.1,3.7,21.2
/player/1496/traditional/,5,Keith Van Horn,42,37.5,21.8,7.7,17.9,42.8,0.4,1.3,30.2,6.1,7.1,85.9,2.7,5.8,8.5,1.5,1.0,1.3,3.2,19.8
/player/56/traditional/,6,Gary Payton,50,40.2,21.7,8.0,18.5,43.4,1.7,5.6,29.5,4.0,5.5,72.1,1.2,3.6,4.9,8.7,2.2,0.2,3.1,22.6
/player/1495/traditional/,6,Tim Duncan,50,39.3,21.7,8.4,16.9,49.5,0.0,0.1,14.3,4.9,7.2,69.0,3.2,8.2,11.4,2.4,0.9,2.5,2.9,25.3
/player/950/traditional/,8,Stephon Marbury,49,38.7,21.3,7.7,18.0,42.8,1.3,4.0,33.5,4.5,5.7,79.9,0.8,2.1,2.9,8.9,1.2,0.2,3.3,19.7
/player/686/traditional/,9,Antonio McDyess,50,38.7,21.2,8.3,17.6,47.1,0.0,0.2,11.1,4.6,6.8,68.0,3.4,7.4,10.7,1.6,1.5,2.3,2.8,23.1
/player/255/traditional/,10,Grant Hill,50,37.0,21.1,7.7,16.0,47.9,0.0,0.3,0.0,5.7,7.6,75.2,1.3,5.8,7.1,6.0,1.6,0.5,3.7,22.4
/player/708/traditional/,11,Kevin Garnett,47,37.9,20.8,8.8,19.1,46.0,0.1,0.3,28.6,3.1,4.4,70.4,3.5,6.9,10.4,4.3,1.7,1.8,2.9,24.4
/player/431/traditional/,12,Shawn Kemp,42,35.1,20.5,6.6,13.7,48.2,0.0,0.0,50.0,7.3,9.3,78.9,3.1,6.1,9.2,2.4,1.1,1.1,3.0,22.3
/player/714/traditional/,13,Michael Finley,50,41.0,20.2,7.8,17.5,44.4,0.9,2.7,33.1,3.7,4.5,82.3,1.4,3.9,5.3,4.4,1.3,0.3,2.1,18.7
/player/297/traditional/,14,Alonzo Mourning,46,38.1,20.1,7.0,13.8,51.1,0.0,0.0,0.0,6.0,9.2,65.2,3.6,7.4,11.0,1.6,0.7,3.9,3.0,24.4
/player/977/traditional/,15,Kobe Bryant,50,37.9,19.9,7.2,15.6,46.5,0.5,2.0,26.7,4.9,5.8,83.9,1.1,4.2,5.3,3.8,1.4,1.0,3.1,19.0
/player/782/traditional/,16,Mitch Richmond,50,38.2,19.7,6.6,16.1,41.2,1.4,4.4,31.7,5.0,5.9,85.7,0.6,2.8,3.4,2.4,1.3,0.2,2.7,14.0
/player/165/traditional/,17,Hakeem Olajuwon,50,35.7,18.9,7.5,14.5,51.4,0.1,0.3,30.8,3.9,5.4,71.7,2.1,7.4,9.6,1.8,1.6,2.5,2.8,23.0
/player/389/traditional/,18,Toni Kukoc,44,37.6,18.8,7.2,17.0,42.0,0.9,3.1,28.5,3.6,4.9,74.0,1.5,5.6,7.0,5.3,1.1,0.3,2.8,18.7
/player/299/traditional/,19,Glenn Robinson,47,33.6,18.4,7.4,16.1,45.9,0.7,1.7,39.2,3.0,3.4,87.0,1.6,4.3,5.9,2.1,1.0,0.9,2.3,16.9
/player/397/traditional/,20,Reggie Miller,50,35.7,18.4,5.9,13.4,43.8,2.1,5.5,38.5,4.5,4.9,91.5,0.5,2.2,2.7,2.2,0.7,0.2,1.5,14.8
/player/1713/traditional/,21,Vince Carter,50,35.2,18.3,6.9,15.3,45.0,0.4,1.3,28.8,4.1,5.4,76.1,1.9,3.8,5.7,3.0,1.1,1.5,2.2,17.6
/player/896/traditional/,22,Tim Hardaway,48,36.9,17.4,6.3,15.7,40.0,2.3,6.5,36.0,2.5,3.1,81.2,0.3,2.9,3.2,7.3,1.2,0.1,2.7,16.5
/player/951/traditional/,23,Ray Allen,50,34.4,17.1,6.1,13.5,45.0,1.5,4.2,35.6,3.5,3.9,90.3,1.1,3.1,4.2,3.6,1.1,0.1,2.4,15.9
/player/339/traditional/,24,Tom Gugliotta,43,36.3,17.0,6.4,13.3,48.3,0.0,0.2,28.6,4.0,5.1,79.4,3.0,5.8,8.9,2.8,1.4,0.5,2.0,20.5
/player/467/traditional/,25,Jason Kidd,50,41.2,16.9,6.2,14.0,44.4,0.9,2.5,36.6,3.6,4.8,75.7,1.7,5.0,6.8,10.8,2.3,0.4,3.0,25.2
/player/1508/traditional/,26,Maurice Taylor,46,32.7,16.8,6.8,14.7,46.1,0.0,0.1,16.7,3.3,4.5,72.8,2.2,3.1,5.3,1.5,0.3,0.6,2.6,12.8
/player/89/traditional/,27,Nick Van Exel,50,36.0,16.5,6.1,15.4,39.8,1.4,4.7,30.8,2.8,3.5,81.1,0.3,2.0,2.3,7.4,0.8,0.1,2.4,14.7
/player/1718/traditional/,28,Paul Pierce,48,34.0,16.5,5.9,13.5,43.9,1.8,4.3,41.2,2.9,4.1,71.3,2.4,4.0,6.4,2.4,1.7,1.0,2.4,17.0
/player/361/traditional/,29,Clifford Robinson,50,34.8,16.4,6.0,12.6,47.5,1.2,2.8,41.7,3.3,4.7,69.7,1.4,3.2,4.5,2.6,1.5,1.2,1.8,16.4
/player/275/traditional/,30,Allan Houston,50,36.3,16.3,5.9,14.1,41.8,1.1,2.8,40.7,3.4,3.9,86.2,0.4,2.6,3.0,2.7,0.7,0.2,2.6,11.6
/player/718/traditional/,31,Gary Trent,45,30.3,16.0,6.4,13.4,47.7,0.0,0.1,0.0,3.2,5.2,61.7,2.8,5.0,7.8,1.7,0.6,0.5,1.5,16.2
/player/358/traditional/,32,Anfernee Hardaway,50,38.9,15.8,6.0,14.3,42.0,0.8,2.8,28.6,3.0,4.2,70.6,1.5,4.2,5.7,5.3,2.2,0.5,3.0,16.9
/player/764/traditional/,33,David Robinson,49,31.7,15.8,5.5,10.8,50.9,0.0,0.0,0.0,4.9,7.4,65.8,3.0,7.0,10.0,2.1,1.4,2.4,2.2,21.8
/player/393/traditional/,34,Rod Strickland,44,37.1,15.7,5.7,13.7,41.6,0.3,1.0,28.6,4.0,5.4,74.6,1.3,3.5,4.8,9.9,1.7,0.1,3.2,19.6
/player/224/traditional/,35,Eddie Jones,50,37.6,15.6,5.2,11.9,43.7,1.0,2.8,33.8,4.2,5.4,78.2,1.0,2.9,3.9,3.7,2.5,1.2,1.9,17.1
/player/57/traditional/,36,Doug Christie,50,35.4,15.2,5.0,13.0,38.8,1.0,3.2,30.4,4.1,4.9,84.1,1.2,3.0,4.1,3.7,2.3,0.5,2.4,14.7
/player/96/traditional/,37,Detlef Schrempf,50,35.3,15.0,5.2,11.0,47.2,0.7,1.7,39.5,4.0,4.9,82.3,1.5,5.9,7.4,3.7,0.8,0.5,2.1,18.7
/player/98/traditional/,38,Nick Anderson,47,33.6,14.9,5.4,13.6,39.5,2.0,5.9,34.7,2.1,3.4,61.1,1.1,4.8,5.9,1.9,1.4,0.3,1.8,13.1
/player/22/traditional/,39,Rik Smits,49,25.9,14.9,6.3,12.9,49.0,0.0,0.0,0.0,2.2,2.7,81.8,1.5,4.1,5.6,1.1,0.4,1.1,1.5,14.3
/player/937/traditional/,40,Scottie Pippen,50,40.2,14.5,5.2,12.1,43.2,1.4,4.2,34.0,2.6,3.7,72.1,1.3,5.2,6.5,5.9,2.0,0.7,3.2,18.5
/player/124/traditional/,41,Vlade Divac,50,35.2,14.3,5.2,11.1,47.0,0.2,0.9,25.6,3.6,5.1,70.2,2.8,7.2,10.0,4.3,0.9,1.0,2.6,20.5
/player/184/traditional/,42,Bobby Phills,43,36.6,14.3,5.0,11.6,43.3,1.6,4.0,39.5,2.7,3.9,68.5,0.9,3.1,4.0,3.5,1.4,0.6,2.1,13.8
/player/133/traditional/,43,David Wesley,50,37.0,14.1,4.9,10.9,44.6,1.2,3.4,35.9,3.2,3.8,83.2,0.5,2.8,3.2,6.4,2.0,0.2,2.8,16.5
/player/1497/traditional/,44,Chauncey Billups,45,33.1,13.9,4.2,11.0,38.6,1.9,5.2,36.2,3.5,3.8,91.3,0.5,1.6,2.1,3.8,1.3,0.3,2.2,12.2
/player/375/traditional/,45,Isaiah Rider,47,29.5,13.9,5.3,12.9,41.2,0.9,2.4,37.8,2.4,3.1,75.5,1.3,2.9,4.2,2.2,0.5,0.2,2.0,10.6
/player/353/traditional/,46,Darrell Armstrong,50,30.0,13.8,4.6,10.4,44.1,1.4,3.8,36.5,3.2,3.6,90.4,1.1,2.5,3.6,6.7,2.2,0.1,3.2,17.0
/player/317/traditional/,46,John Starks,50,33.7,13.8,5.4,14.6,37.0,1.6,5.4,29.0,1.5,2.0,74.0,0.7,2.6,3.3,4.7,1.4,0.1,1.7,11.9
/player/693/traditional/,48,Joe Smith,43,33.0,13.7,5.2,12.1,42.7,0.0,0.1,0.0,3.3,4.4,75.5,3.6,4.7,8.2,1.6,0.7,1.5,1.5,16.2
/player/761/traditional/,49,Matt Geiger,50,30.8,13.5,5.3,11.1,47.9,0.0,0.1,20.0,2.8,3.5,79.7,2.7,4.5,7.2,1.2,0.8,0.8,2.0,14.9
/player/302/traditional/,50,Mookie Blaylock,48,36.7,13.3,5.1,13.6,37.9,1.6,5.2,30.7,1.4,1.9,75.8,0.9,3.7,4.7,5.8,2.1,0.2,2.4,14.8
/player/1710/traditional/,51,Mike Bibby,50,35.2,13.2,5.2,12.1,43.0,0.3,1.5,20.3,2.5,3.4,75.1,0.6,2.1,2.7,6.5,1.6,0.1,2.9,13.5
/player/722/traditional/,52,Corliss Williamson,50,27.5,13.2,5.4,11.1,48.5,0.0,0.1,20.0,2.4,3.8,63.8,1.7,2.4,4.1,1.3,0.6,0.2,1.5,10.8
/player/954/traditional/,53,Kerry Kittles,46,34.1,12.9,4.9,13.3,37.0,1.1,3.4,31.6,1.9,2.5,77.2,1.1,3.0,4.2,2.5,1.7,0.6,1.4,11.4
/player/1715/traditional/,54,Jason Williams,50,36.1,12.8,4.6,12.3,37.4,2.0,6.5,31.0,1.6,2.1,75.2,0.3,2.8,3.1,6.0,1.9,0.0,2.9,12.7
/player/739/traditional/,55,Rasheed Wallace,49,28.9,12.8,4.9,9.7,50.8,0.3,0.6,41.9,2.7,3.7,73.2,1.2,3.8,4.9,1.2,1.0,1.1,1.6,13.7
/player/757/traditional/,56,Damon Stoudamire,50,33.5,12.6,5.0,12.6,39.6,0.9,2.8,31.0,1.8,2.4,73.0,0.8,2.5,3.3,6.2,1.0,0.1,2.2,12.8
/player/922/traditional/,57,Elden Campbell,49,29.8,12.6,4.5,9.5,47.7,0.0,0.0,0.0,3.5,5.5,63.9,2.6,5.5,8.1,1.4,0.8,1.5,1.6,15.8
/player/935/traditional/,58,Bryon Russell,50,35.4,12.4,4.3,9.4,46.4,1.0,2.9,35.4,2.7,3.4,79.5,1.3,4.0,5.3,1.5,1.5,0.3,1.5,13.8
/player/441/traditional/,59,Lamond Murray,50,26.3,12.2,4.5,11.6,39.1,0.7,2.1,33.0,2.5,3.1,80.3,1.2,2.7,3.9,1.2,1.2,0.4,2.0,9.3
/player/204/traditional/,60,Jeff Hornacek,48,29.9,12.2,4.5,9.4,47.7,0.7,1.7,42.0,2.6,2.9,89.3,0.7,2.6,3.3,4.0,1.1,0.3,1.7,14.0
/player/717/traditional/,61,Arvydas Sabonis,50,27.0,12.1,4.6,9.6,48.5,0.1,0.5,29.2,2.7,3.5,77.1,1.8,6.1,7.9,2.4,0.7,1.3,1.7,16.9
/player/913/traditional/,62,Larry Johnson,49,33.4,12.0,4.3,9.3,45.9,0.7,1.9,35.9,2.7,3.3,81.7,1.9,3.9,5.8,2.4,0.7,0.2,1.8,13.6
/player/283/traditional/,63,Lindsey Hunter,49,35.8,11.9,4.7,10.7,43.5,1.2,3.1,38.6,1.4,1.8,75.3,0.5,2.9,3.4,3.9,1.8,0.2,1.9,12.8
/player/383/traditional/,64,Kendall Gill,50,32.1,11.8,4.7,11.9,39.8,0.0,0.3,11.8,2.3,3.3,68.3,1.2,3.7,4.9,2.5,2.7,0.5,1.4,12.7
/player/258/traditional/,65,Brian Grant,48,31.8,11.5,3.8,8.0,47.9,0.0,0.0,0.0,3.8,4.7,81.4,3.6,6.2,9.8,1.4,0.4,0.7,2.0,16.8
/player/136/traditional/,66,P.J. Brown,50,32.2,11.4,4.6,9.5,48.0,0.0,0.0,0.0,2.3,2.9,77.4,2.3,4.6,6.9,1.3,0.9,1.0,1.4,14.5
/player/901/traditional/,67,Otis Thorpe,49,31.4,11.3,4.9,9.0,54.5,0.0,0.0,0.0,1.5,2.2,69.8,2.0,4.9,6.8,2.1,0.9,0.4,1.8,14.9
/player/417/traditional/,68,Sam Mitchell,50,26.9,11.2,4.3,10.4,40.8,0.2,0.8,23.7,2.5,3.3,76.4,1.1,2.5,3.6,2.0,0.7,0.3,0.7,10.2
/player/251/traditional/,68,Sean Elliott,50,30.2,11.2,4.2,10.1,41.0,0.8,2.4,32.8,2.1,2.8,75.7,0.7,3.6,4.3,2.3,0.5,0.3,1.4,10.6
/player/244/traditional/,70,Dee Brown,49,28.1,11.2,3.8,10.1,37.8,2.8,7.1,38.7,0.8,1.1,72.7,0.3,1.8,2.1,2.9,1.1,0.2,1.6,9.3
/player/689/traditional/,71,Theo Ratliff,50,32.5,11.2,3.9,8.4,47.0,0.0,0.0,0.0,3.3,4.6,72.5,2.8,5.4,8.1,0.6,0.9,3.0,1.8,16.3
/player/763/traditional/,72,Tony Massenburg,43,26.6,11.2,4.4,9.0,48.7,0.0,0.0,0.0,2.4,3.6,66.5,1.9,4.0,6.0,0.5,0.6,0.9,1.5,11.9
/player/445/traditional/,73,Wesley Person,45,29.8,11.2,4.4,9.7,45.3,1.7,4.4,37.5,0.7,1.2,60.4,0.4,2.7,3.2,1.8,0.8,0.4,0.9,10.6
/player/147/traditional/,74,Jalen Rose,49,25.3,11.1,4.1,10.1,40.3,0.3,1.3,26.2,2.6,3.2,79.1,0.7,2.4,3.1,1.9,1.0,0.3,1.5,9.2
/player/304/traditional/,75,John Stockton,50,28.2,11.1,4.0,8.2,48.8,0.3,1.0,32.0,2.7,3.4,81.1,0.6,2.3,2.9,7.5,1.6,0.3,2.2,16.3
/player/923/traditional/,76,Donyell Marshall,48,26.0,11.0,4.3,10.3,42.1,0.5,1.5,36.1,1.8,2.5,72.7,2.4,4.7,7.1,1.4,1.0,0.8,1.7,13.0
/player/1504/traditional/,77,Danny Fortson,50,28.3,11.0,3.8,7.7,49.5,0.0,0.1,0.0,3.4,4.6,72.7,4.2,7.4,11.6,0.6,0.6,0.4,1.5,17.6
/player/1722/traditional/,78,Michael Dickerson,50,31.2,10.9,4.3,9.2,46.5,1.4,3.3,43.3,0.9,1.4,63.9,0.5,1.1,1.7,1.9,0.5,0.2,1.3,8.5
/player/87/traditional/,79,Dikembe Mutombo,50,36.6,10.8,3.5,6.8,51.2,0.0,0.0,0.0,3.9,5.7,68.4,3.8,8.4,12.2,1.1,0.3,2.9,1.9,20.4
/player/694/traditional/,80,Sam Mack,44,24.6,10.7,3.8,8.7,43.5,2.0,5.0,39.7,1.2,1.3,87.9,0.3,1.8,2.2,1.3,0.8,0.1,0.8,9.2
/player/137/traditional/,81,Vernon Maxwell,46,21.9,10.7,3.6,9.2,39.0,1.7,5.0,34.6,1.8,2.5,73.7,0.3,1.6,1.8,1.7,0.7,0.1,1.5,7.2
/player/345/traditional/,82,Terry Porter,50,27.3,10.5,3.4,7.4,46.5,1.2,2.8,41.1,2.5,3.0,83.1,0.3,2.5,2.8,2.9,1.0,0.2,1.5,11.5
/player/183/traditional/,83,Bison Dele,49,24.0,10.5,4.4,8.8,50.1,0.0,0.0,0.0,1.7,2.4,68.6,1.9,3.7,5.6,1.4,0.8,0.8,2.3,11.7
/player/15/traditional/,83,Eric Piatkowski,49,25.3,10.5,3.7,8.5,43.2,1.3,3.4,39.4,1.8,2.1,86.3,0.8,2.1,2.9,1.1,0.9,0.1,1.1,9.2
/player/765/traditional/,85,Hersey Hawkins,50,32.9,10.3,3.4,8.2,41.9,1.1,3.6,30.6,2.4,2.6,90.2,1.0,3.0,4.0,2.5,1.6,0.4,1.6,12.2
/player/107/traditional/,86,Dale Ellis,48,25.7,10.3,3.6,8.2,44.1,2.0,4.5,43.3,1.1,1.5,75.7,0.5,1.9,2.4,0.8,0.5,0.1,0.9,8.2
/player/168/traditional/,87,Chris Mills,47,29.7,10.3,4.0,9.6,41.1,0.7,2.4,27.8,1.7,2.0,82.3,1.0,4.0,5.0,2.2,0.8,0.3,1.2,11.4
/player/904/traditional/,88,Chris Mullin,50,23.6,10.1,3.5,7.4,47.7,1.5,3.1,46.5,1.6,1.8,87.0,0.5,2.7,3.2,1.6,0.9,0.3,1.2,10.8
/player/1838/traditional/,89,Tyrone Nesby,50,25.8,10.1,3.6,8.1,44.9,0.7,1.9,36.5,2.1,2.7,78.2,1.1,2.4,3.5,1.6,1.5,0.4,1.1,11.0
/player/958/traditional/,90,Vitaly Potapenko,50,27.9,10.0,4.1,8.2,49.5,0.0,0.0,0.0,1.8,3.1,58.7,2.3,4.4,6.6,1.5,0.7,0.7,2.0,12.1
/player/1749/traditional/,91,Cuttino Mobley,49,29.7,9.9,3.5,8.3,42.5,1.1,3.0,35.8,1.8,2.2,81.8,0.4,1.8,2.3,2.5,0.9,0.5,1.6,9.3
/player/3/traditional/,92,Grant Long,50,27.6,9.8,3.0,7.2,42.1,0.1,0.4,16.7,3.7,4.7,78.3,2.0,3.9,5.9,1.1,1.1,0.3,1.5,11.6
/player/422/traditional/,93,Avery Johnson,50,33.4,9.7,4.4,9.2,47.3,0.0,0.2,8.3,1.0,1.8,56.8,0.4,1.9,2.4,7.4,1.0,0.2,2.2,12.9
/player/1134/traditional/,94,Ike Austin,49,25.7,9.7,3.8,9.2,40.8,0.0,0.1,28.6,2.1,3.2,66.9,1.7,3.1,4.8,1.8,1.0,0.7,2.3,9.2
/player/53/traditional/,95,Mario Elie,47,27.5,9.7,3.3,7.0,47.1,0.9,2.3,37.4,2.2,2.5,86.6,0.8,2.1,2.9,1.9,1.0,0.3,1.3,10.4
/player/1712/traditional/,96,Antawn Jamison,47,22.5,9.6,3.8,8.4,45.2,0.1,0.2,30.0,1.9,3.3,58.8,2.8,3.6,6.4,0.7,0.8,0.3,1.4,10.4
/player/902/traditional/,97,Bimbo Coles,48,26.5,9.5,3.8,8.6,44.2,0.1,0.5,24.0,1.7,2.1,82.2,0.4,2.0,2.4,4.6,0.9,0.2,1.7,10.8
/player/213/traditional/,98,Antonio Davis,49,25.9,9.4,3.3,7.1,47.1,0.0,0.0,0.0,2.8,3.9,70.3,2.4,4.7,7.0,0.7,0.4,0.9,1.0,12.5
/player/1503/traditional/,99,Tracy McGrady,49,22.6,9.3,3.4,7.9,43.6,0.2,0.7,22.9,2.3,3.2,72.6,2.4,3.2,5.7,2.3,1.1,1.3,1.6,12.8
/player/1732/traditional/,100,Felipe Lopez,47,25.9,9.3,3.6,8.1,44.6,0.3,0.9,27.3,1.9,2.9,64.4,1.5,2.1,3.5,1.3,1.0,0.3,1.7,8.3
/player/1005/traditional/,101,Walt Williams,48,21.8,9.3,3.1,7.2,42.4,1.3,3.0,43.8,1.9,2.2,83.2,0.8,2.2,3.0,1.7,0.8,0.6,1.3,9.4
/player/344/traditional/,102,Dana Barros,50,23.1,9.3,3.4,7.4,45.3,1.3,3.2,40.0,1.3,1.5,87.7,0.3,1.8,2.1,4.2,1.0,0.1,1.8,10.7
/player/1505/traditional/,103,Tariq Abdul-Wahad,49,24.6,9.3,3.6,8.3,43.5,0.1,0.4,28.6,1.9,2.8,69.1,1.5,2.3,3.8,1.0,1.0,0.3,1.4,8.4
/player/93/traditional/,104,Hubert Davis,50,27.6,9.1,3.5,7.9,43.8,1.3,2.9,45.1,0.9,1.0,88.0,0.1,1.7,1.7,1.8,0.4,0.1,1.1,7.4
/player/54/traditional/,105,Dickey Simpkins,50,29.0,9.1,3.0,6.5,46.3,0.0,0.0,0.0,3.1,4.8,64.5,2.2,4.6,6.8,1.3,0.7,0.3,1.4,11.5
/player/1716/traditional/,106,Larry Hughes,50,19.8,9.1,3.4,8.3,41.1,0.2,1.0,15.4,2.1,3.0,70.9,1.7,2.1,3.8,1.5,0.9,0.3,1.4,8.5
/player/1538/traditional/,107,Cedric Henderson,50,30.3,9.1,3.8,9.1,41.7,0.0,0.2,16.7,1.5,1.8,81.3,0.9,3.0,3.9,2.3,1.2,0.5,1.9,9.4
/player/187/traditional/,107,Terry Cummings,50,20.2,9.1,3.7,8.5,43.9,0.0,0.0,100,1.6,2.3,71.1,1.9,3.2,5.1,1.2,0.9,0.2,1.2,9.9
/player/330/traditional/,109,Danny Manning,50,23.7,9.1,3.7,7.7,48.4,0.0,0.2,11.1,1.6,2.2,69.6,1.2,3.1,4.4,2.3,0.7,0.8,1.4,11.1
/player/95/traditional/,110,Mark Bryant,45,26.8,9.0,3.7,7.7,48.3,0.0,0.0,0.0,1.6,2.4,64.5,2.0,3.1,5.2,1.1,0.8,0.4,1.5,10.0
/player/296/traditional/,111,Rick Fox,44,21.5,9.0,3.4,7.5,44.8,0.7,2.2,33.7,1.5,2.0,74.2,0.6,1.4,2.0,2.0,0.6,0.2,1.3,7.9
/player/1444/traditional/,112,Lawrence Funderburke,47,19.9,8.9,3.6,6.4,55.9,0.0,0.1,20.0,1.8,2.6,70.8,2.1,2.6,4.7,0.6,0.5,0.5,1.1,10.6
/player/45/traditional/,113,George McCloud,48,25.9,8.9,3.0,6.8,43.8,1.4,3.5,41.6,1.6,1.8,86.2,0.7,2.7,3.4,1.6,0.9,0.3,1.0,10.1
/player/1709/traditional/,114,Michael Olowokandi,45,28.4,8.9,3.8,8.9,43.1,0.0,0.0,0.0,1.3,2.6,48.3,2.7,5.3,7.9,0.6,0.6,1.2,1.9,10.9
/player/270/traditional/,115,Horace Grant,50,33.2,8.9,4.0,9.1,43.4,0.0,0.0,0.0,0.9,1.4,67.1,2.3,4.7,7.0,1.8,0.9,1.2,0.9,13.3
/player/956/traditional/,116,Erick Dampier,50,28.3,8.8,3.2,8.3,38.9,0.0,0.0,0.0,2.4,4.1,58.8,3.3,4.4,7.6,1.1,0.5,1.2,1.8,10.7
/player/727/traditional/,117,Eric Snow,48,35.8,8.6,3.1,7.3,42.8,0.1,0.4,23.8,2.3,3.1,73.3,0.5,2.9,3.4,6.3,2.1,0.0,2.3,13.1
/player/762/traditional/,118,Shawn Bradley,49,26.4,8.6,3.4,7.1,48.0,0.0,0.1,0.0,1.8,2.3,74.8,2.7,5.3,8.0,0.8,0.7,3.2,1.1,15.9
/player/961/traditional/,119,John Wallace,48,16.9,8.6,3.2,7.4,43.2,0.0,0.0,0.0,2.2,3.1,70.0,1.1,2.4,3.6,1.0,0.3,0.9,1.5,7.6
/player/1000/traditional/,120,Shandon Anderson,50,21.4,8.5,3.2,7.3,44.6,0.3,0.8,34.1,1.8,2.5,71.2,1.0,1.7,2.6,1.1,0.8,0.2,1.3,7.2
/player/359/traditional/,121,Chucky Brown,48,24.8,8.5,3.7,7.8,47.2,0.3,0.8,37.5,0.8,1.2,67.8,0.8,2.9,3.6,1.2,0.3,0.4,0.8,8.7
/player/754/traditional/,122,Jim Jackson,49,24.0,8.4,3.1,7.6,41.1,0.5,1.8,27.8,1.7,2.1,84.2,0.7,2.5,3.2,2.6,0.9,0.1,1.7,8.9
/player/978/traditional/,123,Peja Stojakovic,48,21.4,8.4,2.9,7.8,37.8,1.2,3.7,32.0,1.3,1.5,85.1,0.9,2.1,3.0,1.5,0.9,0.1,1.1,7.7
/player/248/traditional/,124,George Lynch,43,30.6,8.3,3.4,8.1,42.1,0.2,0.5,39.1,1.2,2.0,63.1,2.6,3.9,6.5,1.8,2.0,0.5,1.8,11.8
/player/1717/traditional/,125,Dirk Nowitzki,47,20.4,8.2,2.9,7.1,40.5,0.3,1.4,20.6,2.1,2.7,77.3,0.9,2.6,3.4,1.0,0.6,0.6,1.6,7.4
/player/1723/traditional/,126,Matt Harpring,50,22.3,8.2,3.0,6.4,46.3,0.2,0.5,40.0,2.0,2.9,71.3,1.8,2.5,4.3,0.9,0.6,0.1,1.5,8.3
/player/703/traditional/,127,Kurt Thomas,50,23.6,8.1,3.4,7.4,46.2,0.0,0.0,0.0,1.3,2.2,61.1,1.6,4.1,5.7,1.1,0.9,0.3,1.5,9.9
/player/221/traditional/,128,Clar. Weatherspoon,49,21.2,8.1,2.9,5.4,53.4,0.0,0.0,0.0,2.3,2.9,80.4,1.5,3.5,5.0,0.7,0.6,0.3,1.2,10.3
/player/905/traditional/,129,Dale Davis,50,27.5,8.0,3.2,6.0,53.3,0.0,0.0,0.0,1.5,2.5,61.8,3.1,5.2,8.3,0.4,0.4,1.1,0.9,13.6
/player/692/traditional/,130,Andrew DeClercq,47,23.4,7.9,2.9,5.9,50.0,0.0,0.0,0.0,2.0,3.0,67.4,2.2,3.2,5.4,0.7,1.1,0.6,1.1,10.6
/player/384/traditional/,131,Calbert Cheaney,50,25.3,7.7,3.4,8.3,41.4,0.2,0.7,21.6,0.7,1.3,49.3,0.7,2.2,2.8,1.5,0.8,0.3,0.8,6.7
/player/178/traditional/,132,Olden Polynice,48,30.9,7.7,3.5,7.5,47.2,0.0,0.0,100,0.6,2.0,30.9,3.8,5.0,8.9,0.9,0.4,0.6,1.0,12.1
/player/349/traditional/,133,Mark Jackson,49,28.2,7.6,2.8,6.7,41.9,0.7,2.1,31.1,1.3,1.6,82.3,0.7,3.1,3.8,7.9,0.9,0.1,2.0,14.0
/player/369/traditional/,134,Charlie Ward,50,31.1,7.6,2.7,6.7,40.4,1.1,3.0,35.6,1.1,1.6,70.5,0.5,3.0,3.4,5.4,2.1,0.2,2.6,11.6
/player/895/traditional/,135,Tyrone Corbin,47,22.7,7.5,2.8,7.1,39.1,0.8,2.5,31.9,1.1,1.7,65.0,0.8,2.3,3.1,0.9,0.7,0.1,0.9,6.4
/player/915/traditional/,136,Rodney Rogers,47,20.6,7.4,2.8,6.3,44.1,0.4,1.3,28.6,1.4,2.1,67.3,1.4,2.4,3.8,1.6,1.0,0.5,1.4,8.7
/player/458/traditional/,137,Howard Eisley,50,20.8,7.4,2.8,6.3,44.6,0.4,1.0,42.0,1.3,1.6,83.8,0.2,1.6,1.9,3.7,0.6,0.0,2.2,7.7
/player/1501/traditional/,138,Tim Thomas,50,16.2,7.2,2.6,5.6,47.3,0.4,1.4,30.9,1.5,2.2,65.2,1.0,1.5,2.5,0.9,0.5,0.2,0.9,6.7
/player/948/traditional/,139,Marcus Camby,46,20.5,7.2,3.0,5.7,52.1,0.0,0.0,0.0,1.2,2.2,55.3,2.2,3.3,5.5,0.3,0.6,1.6,0.8,10.6
/player/966/traditional/,140,Jerome Williams,50,23.1,7.1,2.5,5.0,50.0,0.0,0.0,0.0,2.1,3.2,67.3,3.2,3.8,7.0,0.5,1.3,0.1,0.8,11.6
/player/696/traditional/,141,Travis Best,49,21.3,7.1,2.6,6.2,41.6,0.4,1.2,37.3,1.4,1.7,84.3,0.4,1.2,1.6,3.4,0.9,0.1,1.3,7.9
/player/1517/traditional/,142,Bobby Jackson,50,18.8,7.1,2.8,7.0,40.5,0.2,0.5,37.0,1.2,1.6,77.2,0.9,1.8,2.7,3.3,0.8,0.1,1.5,7.9
/player/105/traditional/,143,Dan Majerle,48,33.8,7.0,2.5,6.2,39.6,1.4,4.2,33.5,0.7,1.0,71.7,0.4,3.9,4.3,3.1,0.8,0.1,1.1,10.3
/player/198/traditional/,144,Danny Ferry,50,21.2,7.0,2.8,5.9,47.6,0.8,1.9,39.2,0.6,0.7,87.9,0.3,1.7,2.0,1.1,0.5,0.2,0.8,6.8
/player/891/traditional/,145,Charles Oakley,50,32.7,7.0,2.8,6.5,42.8,0.0,0.1,20.0,1.3,1.7,80.7,1.9,5.6,7.5,3.4,0.9,0.4,1.9,13.2
/player/179/traditional/,146,Bryant Stith,46,26.0,7.0,2.5,6.3,39.3,0.7,2.3,29.2,1.3,1.5,85.9,0.7,1.7,2.3,1.8,0.6,0.3,1.0,7.0
/player/157/traditional/,147,Derek Harper,45,24.9,6.9,2.7,6.5,41.2,1.0,2.6,36.8,0.6,0.7,81.3,0.3,1.2,1.5,4.2,1.0,0.1,1.2,8.5
/player/164/traditional/,148,Chris Childs,48,27.0,6.8,2.4,5.6,42.7,0.8,2.0,38.3,1.3,1.6,82.1,0.4,2.4,2.8,4.0,0.9,0.0,1.8,9.3
/player/1499/traditional/,149,Tony Battie,50,22.4,6.7,2.9,5.7,51.9,0.0,0.1,0.0,0.8,1.2,67.2,1.9,4.1,6.0,1.1,0.6,1.4,0.9,11.7
/player/953/traditional/,150,Lorenzen Wright,48,23.6,6.6,2.5,5.4,45.8,0.0,0.0,0.0,1.7,2.4,69.2,3.0,4.6,7.5,0.7,0.5,0.8,1.0,11.5
/player/1114/traditional/,151,Jaren Jackson,47,18.3,6.4,2.3,6.0,38.0,1.1,3.1,36.1,0.7,0.8,82.1,0.4,1.7,2.1,1.0,0.9,0.2,0.8,5.9
/player/21/traditional/,152,Greg Anthony,50,16.1,6.4,2.1,5.0,41.4,1.0,2.5,39.2,1.2,1.8,69.7,0.3,1.0,1.3,2.0,1.3,0.1,1.1,6.4
/player/1720/traditional/,153,Michael Doleac,49,15.9,6.2,2.6,5.4,46.8,0.0,0.0,0.0,1.1,1.6,67.5,1.3,1.7,3.0,0.4,0.4,0.3,0.5,6.4
/player/1600/traditional/,154,Kornel David,50,18.0,6.2,2.2,4.9,44.9,0.0,0.0,0.0,1.8,2.2,81.1,1.4,2.1,3.5,0.8,0.5,0.3,1.0,7.2
/player/456/traditional/,155,Chuck Person,50,19.8,6.1,2.2,5.8,38.8,1.1,3.1,35.0,0.5,0.6,75.0,0.3,2.3,2.6,1.2,0.4,0.2,0.8,5.9
/player/271/traditional/,155,Johnny Newman,50,19.0,6.1,2.1,5.0,42.2,0.5,1.2,37.7,1.4,1.7,81.0,0.3,1.2,1.5,0.8,0.6,0.2,0.8,5.1
/player/990/traditional/,157,Malik Rose,47,12.9,6.0,2.0,4.3,46.3,0.0,0.0,0.0,2.1,3.1,67.1,1.9,2.0,3.9,0.6,0.9,0.5,1.2,7.3
/player/1112/traditional/,158,Ben Wallace,46,26.8,6.0,2.5,4.3,57.8,0.0,0.0,0.0,1.0,2.9,35.6,3.0,5.4,8.3,0.4,1.1,2.0,0.8,13.3
/player/965/traditional/,159,Derek Fisher,50,22.6,5.9,2.0,5.3,37.6,0.8,1.9,39.2,1.2,1.6,75.9,0.4,1.4,1.8,3.9,1.2,0.0,1.5,7.7
/player/219/traditional/,160,Vinny Del Negro,48,22.8,5.9,2.4,5.6,42.2,0.3,0.6,43.3,0.8,1.0,80.0,0.3,1.8,2.1,3.6,0.7,0.1,1.1,7.8
/player/731/traditional/,161,Greg Ostertag,48,27.9,5.7,2.1,4.3,47.6,0.0,0.0,0.0,1.6,2.5,62.0,2.2,5.1,7.3,0.5,0.3,2.7,0.9,12.2
/player/423/traditional/,162,Chris Gatling,48,16.1,5.7,2.4,5.5,44.2,0.0,0.2,12.5,0.8,1.9,39.8,1.1,2.6,3.7,0.7,0.7,0.2,1.3,5.4
/player/685/traditional/,163,Cherokee Parks,48,23.3,5.5,2.5,5.7,42.9,0.0,0.0,0.0,0.6,1.1,54.5,1.6,3.5,5.1,0.8,0.6,0.6,1.0,7.7
/player/1051/traditional/,164,Dean Garrett,49,21.5,5.5,2.4,4.7,50.2,0.0,0.0,0.0,0.8,1.0,74.5,2.0,3.2,5.2,0.6,0.6,0.9,0.6,9.7
/player/146/traditional/,165,Jud Buechler,50,21.1,5.5,2.0,4.8,41.7,1.2,3.0,41.2,0.3,0.4,72.2,0.6,2.1,2.7,1.1,0.7,0.3,0.4,7.0
/player/1714/traditional/,166,Robert Traylor,49,16.0,5.3,2.2,4.1,53.7,0.0,0.0,0.0,0.9,1.6,53.8,1.6,2.1,3.7,0.8,0.9,0.9,0.9,8.1
/player/690/traditional/,167,Don Reid,47,19.9,5.1,2.1,3.7,55.7,0.0,0.0,0.0,1.0,1.7,60.8,1.4,2.2,3.6,0.7,0.6,0.9,0.8,7.9
/player/911/traditional/,168,Ervin Johnson,50,20.5,5.1,1.9,3.8,50.8,0.0,0.0,0.0,1.3,2.1,61.0,2.4,4.0,6.4,0.4,0.6,1.1,0.9,10.0
/player/400/traditional/,169,Derek Strong,44,15.8,5.1,1.7,4.1,42.2,0.0,0.0,0.0,1.6,2.3,71.7,1.5,2.2,3.7,0.4,0.3,0.2,0.8,5.8
/player/695/traditional/,170,Eldridge Recasner,44,16.1,5.0,1.9,4.2,44.6,0.5,1.4,40.0,0.8,0.9,87.2,0.5,1.3,1.8,2.1,0.4,0.0,1.3,5.5
/player/1533/traditional/,171,Anthony Johnson,49,18.1,5.0,1.9,4.6,40.4,0.1,0.4,26.3,1.2,1.7,69.5,0.3,1.2,1.5,2.2,0.7,0.1,1.3,5.0
/player/1541/traditional/,172,Alvin Williams,50,21.0,5.0,1.9,4.7,40.1,0.3,0.8,33.3,0.9,1.0,84.6,0.4,1.3,1.6,2.6,1.0,0.2,1.1,6.3
/player/64/traditional/,173,Sam Perkins,48,16.4,5.0,1.7,4.2,40.0,0.7,1.9,38.9,0.9,1.3,71.7,0.8,2.1,2.9,0.5,0.3,0.3,0.5,5.6
/player/468/traditional/,174,Jon Barry,43,17.1,5.0,1.4,3.2,42.8,0.6,1.8,30.4,1.7,2.0,84.5,0.6,1.7,2.2,2.6,1.2,0.1,1.1,7.9
/player/920/traditional/,175,A.C. Green,50,18.5,4.9,2.2,5.1,42.2,0.0,0.2,0.0,0.6,1.0,57.7,1.6,2.9,4.6,0.5,0.6,0.2,0.4,6.9
/player/688/traditional/,176,Michael Curry,50,22.9,4.9,1.8,4.1,43.7,0.0,0.3,6.7,1.3,1.6,79.7,0.4,1.8,2.2,1.6,0.8,0.1,0.7,6.2
/player/65/traditional/,177,Greg Minor,44,17.4,4.9,1.9,4.6,41.7,0.2,0.6,28.6,0.8,1.1,75.0,0.7,2.0,2.7,1.1,0.5,0.1,0.9,5.4
/player/243/traditional/,178,Aaron McKie,50,19.2,4.8,1.9,4.7,40.1,0.1,0.6,19.4,0.9,1.2,71.0,0.5,2.3,2.8,2.0,1.3,0.1,1.1,6.6
/player/63/traditional/,179,Michael Smith,48,22.9,4.8,1.6,3.0,53.5,0.0,0.0,0.0,1.6,2.7,59.4,2.8,4.5,7.3,1.0,1.0,0.4,1.3,10.7
/player/1601/traditional/,180,Rusty LaRue,43,17.0,4.7,1.8,5.0,35.9,0.7,2.1,33.7,0.4,0.4,100,0.2,1.1,1.3,1.5,0.8,0.1,0.8,4.3
/player/1498/traditional/,181,Antonio Daniels,47,13.1,4.7,1.8,3.9,45.4,0.1,0.4,29.4,1.0,1.4,75.4,0.3,0.9,1.1,2.3,0.6,0.1,0.9,5.4
/player/1729/traditional/,182,Ricky Davis,46,12.1,4.5,1.8,4.3,40.5,0.0,0.3,16.7,1.0,1.3,76.3,0.9,1.0,1.8,1.3,0.7,0.2,1.2,4.4
/player/1545/traditional/,183,DeJuan Wheat,46,12.8,4.5,1.6,4.2,37.8,0.5,1.3,36.7,0.9,1.2,72.7,0.2,0.7,1.0,2.2,0.6,0.0,1.0,4.3
/player/70/traditional/,184,Steve Kerr,44,16.7,4.4,1.5,4.0,39.1,0.6,1.8,31.3,0.7,0.8,88.6,0.1,0.9,1.0,1.1,0.5,0.1,0.5,4.1
/player/278/traditional/,185,Stacey Augmon,48,18.2,4.3,1.6,3.6,44.8,0.0,0.0,0.0,1.1,1.6,68.4,1.0,1.6,2.6,1.2,1.2,0.4,0.6,6.6
/player/67/traditional/,186,Tom Hammonds,49,14.6,4.3,1.7,3.7,45.8,0.0,0.0,0.0,1.0,1.5,64.0,1.1,1.7,2.8,0.4,0.2,0.1,0.7,4.6
/player/682/traditional/,187,Bob Sura,50,16.8,4.3,1.4,4.2,33.3,0.2,0.9,20.0,1.3,2.1,63.1,0.4,1.6,2.0,3.0,0.9,0.3,1.3,5.7
/player/1847/traditional/,188,Thurl Bailey,43,12.6,4.2,1.8,4.1,44.6,0.0,0.0,0.0,0.6,0.8,73.5,0.8,1.3,2.2,0.6,0.2,0.7,0.6,4.8
/player/356/traditional/,189,Chris Morris,44,12.2,4.2,1.5,3.4,43.0,0.4,1.3,28.6,0.9,1.0,87.0,1.2,1.5,2.8,0.5,0.4,0.3,0.5,5.5
/player/228/traditional/,190,Adam Keefe,44,14.6,4.0,1.3,2.8,45.2,0.0,0.1,0.0,1.4,2.0,69.7,1.2,2.1,3.2,0.6,0.4,0.3,0.8,5.5
/player/432/traditional/,191,Pete Chilcutt,46,15.2,3.6,1.4,3.7,36.6,0.6,1.5,38.2,0.3,0.4,82.4,0.6,1.9,2.5,0.7,0.5,0.3,0.6,4.5
/player/1509/traditional/,192,Kelvin Cato,43,12.7,3.5,1.3,3.0,45.0,0.0,0.0,100,0.8,1.6,50.7,1.1,2.3,3.5,0.4,0.5,1.3,0.6,6.2
/player/760/traditional/,193,Jerome Kersey,45,15.5,3.2,1.5,4.4,34.0,0.1,0.3,21.4,0.1,0.3,42.9,0.9,2.0,2.9,0.9,0.8,0.3,0.7,4.4
/player/265/traditional/,194,Harvey Grant,47,17.0,3.1,1.3,3.6,36.9,0.0,0.1,16.7,0.4,0.6,72.4,0.8,1.6,2.3,0.5,0.4,0.3,0.4,3.8
/player/1502/traditional/,195,Adonal Foyle,44,14.0,2.9,1.2,2.8,43.0,0.0,0.0,0.0,0.6,1.2,49.0,1.8,2.6,4.4,0.4,0.3,1.0,0.7,6.2
/player/201/traditional/,196,Chris Dudley,46,14.9,2.5,1.0,2.4,44.0,0.0,0.0,0.0,0.4,0.9,47.5,1.7,2.5,4.2,0.2,0.3,0.8,0.5,5.7
/player/376/traditional/,197,Eric Montross,46,12.5,2.1,0.9,1.7,52.5,0.0,0.0,0.0,0.2,0.7,34.4,1.0,2.0,3.0,0.3,0.3,0.6,0.3,4.6
/player/770/traditional/,198,Mark West,49,10.2,1.2,0.4,1.2,37.3,0.0,0.0,0.0,0.3,0.9,35.6,1.0,1.6,2.6,0.3,0.1,0.4,0.3,2.9
