pos,#,player,gp,min,pts,fgm,fga,fg%,3pm,3pa,3p%,ftm,fta,ft%,oreb,dreb,reb,ast,stl,blk,tov,eff
/player/406/traditional/,1,Shaquille O'Neal,79,40.0,29.7,12.1,21.1,57.4,0.0,0.0,0.0,5.5,10.4,52.4,4.3,9.4,13.6,3.8,0.5,3.0,2.8,33.8
/player/947/traditional/,2,Allen Iverson,70,40.8,28.4,10.4,24.8,42.1,1.3,3.7,34.1,6.3,8.9,71.3,1.0,2.8,3.8,4.7,2.1,0.1,3.3,18.9
/player/255/traditional/,3,Grant Hill,74,37.5,25.8,9.4,19.2,48.9,0.5,1.3,34.7,6.5,8.2,79.5,1.3,5.3,6.6,5.2,1.4,0.6,3.2,24.8
/player/1713/traditional/,4,Vince Carter,82,38.1,25.7,9.6,20.7,46.5,1.2,2.9,40.3,5.3,6.7,79.1,1.8,4.0,5.8,3.9,1.3,1.1,2.2,23.2
/player/252/traditional/,5,Karl Malone,82,35.9,25.5,9.2,18.0,50.9,0.0,0.1,25.0,7.2,9.0,79.7,2.1,7.4,9.5,3.7,1.0,0.9,2.8,27.1
/player/185/traditional/,6,Chris Webber,75,38.4,24.5,10.0,20.6,48.3,0.4,1.3,28.4,4.1,5.5,75.1,2.5,8.0,10.5,4.6,1.6,1.7,2.9,27.9
/player/56/traditional/,7,Gary Payton,82,41.8,24.2,9.1,20.3,44.8,2.2,6.3,34.0,3.8,5.2,73.5,1.2,5.2,6.5,8.9,1.9,0.2,2.7,26.3
/player/711/traditional/,8,Jerry Stackhouse,82,38.4,23.6,7.5,17.6,42.8,1.0,3.5,28.8,7.5,9.2,81.5,1.4,2.4,3.8,4.5,1.3,0.4,3.8,18.0
/player/1495/traditional/,9,Tim Duncan,74,38.9,23.2,8.5,17.3,49.0,0.0,0.1,9.1,6.2,8.1,76.1,3.5,8.9,12.4,3.2,0.9,2.2,3.3,27.8
/player/708/traditional/,10,Kevin Garnett,81,40.0,22.9,9.4,18.8,49.7,0.4,1.0,37.0,3.8,5.0,76.5,2.8,9.0,11.8,5.0,1.5,1.6,3.3,28.8
/player/714/traditional/,11,Michael Finley,82,42.2,22.6,9.1,20.0,45.7,1.2,3.0,40.1,3.2,3.9,82.0,1.5,4.8,6.3,5.3,1.3,0.4,2.4,22.1
/player/977/traditional/,12,Kobe Bryant,66,38.2,22.5,8.4,17.9,46.8,0.7,2.2,31.9,5.0,6.1,82.1,1.6,4.7,6.3,4.9,1.6,0.9,2.8,22.9
/player/950/traditional/,13,Stephon Marbury,74,38.9,22.2,7.7,17.8,43.2,0.9,3.1,28.3,5.9,7.2,81.3,0.8,2.4,3.2,8.4,1.5,0.2,3.6,20.4
/player/951/traditional/,14,Ray Allen,82,37.4,22.1,7.8,17.2,45.5,2.1,5.0,42.3,4.3,4.9,88.7,1.0,3.4,4.4,3.8,1.3,0.2,2.2,19.6
/player/297/traditional/,15,Alonzo Mourning,79,34.8,21.7,8.3,15.0,55.1,0.0,0.1,0.0,5.2,7.4,71.1,2.7,6.8,9.5,1.6,0.5,3.7,2.7,25.5
/player/299/traditional/,16,Glenn Robinson,81,35.9,20.9,8.5,18.0,47.2,1.1,2.9,36.3,2.8,3.5,80.2,1.3,4.7,6.0,2.4,1.0,0.5,2.8,17.8
/player/952/traditional/,17,Antoine Walker,82,36.6,20.5,7.9,18.4,43.0,0.9,3.5,25.6,3.8,5.4,69.9,2.4,5.5,8.0,3.7,1.4,0.4,3.2,18.7
/player/949/traditional/,18,Shareef Abdur-Rahim,82,39.3,20.3,7.2,15.6,46.5,0.4,1.2,30.2,5.4,6.7,80.9,2.7,7.4,10.1,3.3,1.1,1.1,3.0,23.1
/player/1882/traditional/,19,Elton Brand,81,37.0,20.1,7.8,16.1,48.2,0.0,0.0,0.0,4.5,6.6,68.5,4.3,5.7,10.0,1.9,0.8,1.6,2.8,21.2
/player/224/traditional/,20,Eddie Jones,72,39.0,20.1,6.6,15.5,42.7,1.8,4.7,37.5,5.0,5.8,86.4,1.1,3.6,4.8,4.2,2.7,0.7,2.2,20.5
/player/275/traditional/,21,Allan Houston,82,38.6,19.7,7.5,15.5,48.3,1.3,3.0,43.6,3.4,4.1,83.8,0.5,2.8,3.3,2.7,0.8,0.2,2.3,15.7
/player/1718/traditional/,22,Paul Pierce,73,35.4,19.5,6.7,15.1,44.2,1.3,3.8,34.3,4.9,6.2,79.8,1.1,4.3,5.4,3.0,2.1,0.8,2.4,18.8
/player/1496/traditional/,23,Keith Van Horn,80,34.8,19.2,7.0,15.7,44.5,1.1,2.9,36.8,4.2,4.9,84.7,2.5,6.0,8.5,2.0,0.8,0.8,3.1,18.6
/player/686/traditional/,24,Antonio McDyess,81,33.3,19.1,7.6,15.0,50.7,0.0,0.0,0.0,4.0,6.4,62.6,2.9,5.6,8.5,2.0,0.9,1.7,2.8,19.5
/player/208/traditional/,25,Sam Cassell,81,35.8,18.6,6.7,14.4,46.6,0.3,1.1,28.9,4.8,5.5,87.6,0.9,2.9,3.7,9.0,1.3,0.1,3.3,21.0
/player/84/traditional/,26,Latrell Sprewell,82,40.0,18.6,6.9,15.9,43.5,0.5,1.5,34.6,4.2,4.8,86.6,0.6,3.7,4.3,4.0,1.3,0.3,2.8,16.1
/player/361/traditional/,27,Clifford Robinson,80,35.5,18.5,6.6,14.3,46.4,1.5,4.1,37.0,3.7,4.8,78.2,1.3,3.2,4.5,2.8,1.1,0.8,2.1,16.9
/player/1722/traditional/,28,Michael Dickerson,82,37.8,18.2,6.8,15.5,43.6,1.5,3.5,40.9,3.3,4.0,83.0,1.0,2.5,3.4,2.5,1.4,0.5,2.0,14.7
/player/147/traditional/,29,Jalen Rose,80,37.2,18.2,7.0,15.0,47.1,1.0,2.5,39.3,3.2,3.8,82.7,0.5,4.3,4.8,4.0,1.1,0.6,2.4,17.8
/player/397/traditional/,30,Reggie Miller,81,36.9,18.1,5.8,12.9,44.8,2.0,5.0,40.8,4.6,5.0,91.9,0.6,2.3,3.0,2.3,1.0,0.3,1.6,15.7
/player/1883/traditional/,31,Steve Francis,77,36.1,18.0,6.5,14.5,44.5,1.4,4.0,34.5,3.7,4.7,78.6,2.0,3.3,5.3,6.6,1.5,0.4,4.0,18.8
/player/431/traditional/,32,Shawn Kemp,82,30.4,17.8,5.9,14.1,41.7,0.0,0.1,33.3,6.0,7.7,77.6,2.8,6.0,8.8,1.7,1.2,1.2,3.5,17.2
/player/764/traditional/,33,David Robinson,80,32.0,17.8,6.6,12.9,51.2,0.0,0.0,0.0,4.6,6.4,72.6,2.4,7.2,9.6,1.8,1.2,2.3,2.1,22.7
/player/1717/traditional/,34,Dirk Nowitzki,82,35.8,17.5,6.3,13.6,46.1,1.4,3.7,37.9,3.5,4.2,83.0,1.2,5.2,6.5,2.5,0.8,0.8,1.7,18.3
/player/469/traditional/,35,Jamal Mashburn,76,37.2,17.5,6.8,15.2,44.5,1.5,3.7,40.3,2.4,3.1,77.8,0.8,4.2,5.0,3.9,1.0,0.2,2.4,16.1
/player/782/traditional/,36,Mitch Richmond,74,32.4,17.4,6.0,14.2,42.6,1.3,3.3,38.6,4.0,4.6,87.6,0.5,2.4,2.9,2.5,1.5,0.2,2.1,13.6
/player/210/traditional/,37,Terrell Brandon,71,36.4,17.1,6.8,14.7,46.6,0.7,1.9,40.2,2.6,2.9,89.9,0.6,2.7,3.4,8.9,1.9,0.4,2.6,20.9
/player/934/traditional/,38,Derrick Coleman,74,31.7,16.7,6.0,13.2,45.6,0.7,1.9,36.2,4.0,5.1,78.5,1.7,6.9,8.5,2.4,0.5,1.8,2.3,19.2
/player/754/traditional/,39,Jim Jackson,79,35.0,16.7,6.4,15.6,41.1,1.5,3.8,38.6,2.4,2.7,87.7,1.3,3.7,5.0,2.9,0.7,0.1,2.3,13.5
/player/452/traditional/,40,Vin Baker,79,36.1,16.6,6.5,14.3,45.5,0.0,0.1,25.0,3.6,5.2,68.2,2.9,4.8,7.7,1.9,0.6,0.8,2.7,15.4
/player/1885/traditional/,41,Lamar Odom,76,36.4,16.6,5.9,13.5,43.8,0.8,2.2,36.0,4.0,5.5,71.9,2.1,5.7,7.8,4.2,1.2,1.3,3.4,18.5
/player/739/traditional/,42,Rasheed Wallace,81,35.1,16.4,6.7,12.9,51.9,0.1,0.6,16.0,2.9,4.1,70.4,1.6,5.4,7.0,1.8,1.1,1.3,1.9,18.1
/player/353/traditional/,43,Darrell Armstrong,82,31.6,16.2,5.9,13.6,43.3,1.7,4.9,34.0,2.7,3.0,91.1,0.8,2.5,3.3,6.1,2.1,0.1,3.0,16.8
/player/89/traditional/,44,Nick Van Exel,79,37.3,16.1,6.0,15.4,39.0,1.7,5.1,33.2,2.5,3.0,81.7,0.4,3.5,3.9,9.0,0.9,0.1,2.8,17.4
/player/779/traditional/,45,Glen Rice,80,31.6,15.9,5.3,12.3,43.0,1.1,2.9,36.7,4.3,5.0,87.4,0.7,3.4,4.1,2.2,0.6,0.2,1.4,13.9
/player/441/traditional/,46,Lamond Murray,74,32.0,15.9,6.2,13.8,45.1,0.7,1.9,36.7,2.8,3.6,76.1,1.7,4.0,5.7,1.8,1.4,0.5,2.5,14.4
/player/1749/traditional/,47,Cuttino Mobley,81,30.8,15.8,5.4,12.5,43.0,1.3,3.6,35.6,3.7,4.4,84.7,0.7,2.8,3.6,2.6,1.1,0.4,2.3,13.2
/player/1503/traditional/,48,Tracy McGrady,79,31.2,15.4,5.8,12.9,45.1,0.2,0.8,27.7,3.5,5.0,70.7,2.4,4.0,6.3,3.3,1.1,1.9,2.0,17.5
/player/1716/traditional/,49,Larry Hughes,82,28.3,15.0,5.6,14.0,40.0,0.4,1.5,23.2,3.4,4.6,74.0,1.4,2.9,4.3,2.5,1.4,0.3,2.4,11.5
/player/120/traditional/,50,Steven Smith,82,32.8,14.9,5.1,11.0,46.7,1.2,2.9,39.8,3.5,4.1,85.0,1.5,2.3,3.8,2.5,0.9,0.4,1.4,14.6
/player/436/traditional/,51,Juwan Howard,82,35.5,14.9,6.2,13.5,45.9,0.0,0.1,0.0,2.5,3.4,73.5,1.6,4.1,5.7,3.0,0.8,0.3,2.7,13.8
/player/1710/traditional/,52,Mike Bibby,82,38.5,14.5,5.6,12.6,44.5,0.9,2.6,36.3,2.4,3.0,78.0,0.9,2.8,3.7,8.1,1.6,0.2,3.0,17.5
/player/935/traditional/,53,Bryon Russell,82,35.4,14.1,5.0,11.1,44.6,1.3,3.3,39.6,2.9,3.9,75.0,1.2,4.0,5.2,1.9,1.6,0.3,1.2,14.7
/player/72/traditional/,54,Kenny Anderson,82,31.6,14.0,5.3,12.0,44.0,1.0,2.7,38.6,2.4,3.1,77.5,0.7,2.1,2.7,5.1,1.7,0.1,1.6,14.7
/player/682/traditional/,55,Bob Sura,73,30.4,13.8,4.9,11.2,43.7,1.7,4.5,36.7,2.4,3.4,69.7,0.7,3.3,3.9,3.9,1.2,0.3,2.0,13.8
/player/915/traditional/,56,Rodney Rogers,82,27.9,13.8,5.2,10.7,48.6,1.4,3.2,43.9,1.9,3.0,63.9,1.7,3.8,5.5,2.1,1.1,0.6,2.0,14.4
/player/133/traditional/,57,David Wesley,82,33.7,13.6,5.0,11.6,42.6,1.1,3.0,35.5,2.6,3.4,77.8,0.5,2.3,2.7,5.6,1.3,0.1,1.9,14.1
/player/1838/traditional/,58,Tyrone Nesby,73,31.7,13.3,5.0,12.5,39.8,1.3,3.8,33.5,2.1,2.6,79.1,1.1,2.6,3.8,1.7,1.0,0.4,1.4,10.7
/player/673/traditional/,59,Alan Henderson,82,33.8,13.2,5.2,11.3,46.1,0.0,0.1,10.0,2.7,4.1,67.1,3.2,3.7,7.0,0.9,1.0,0.7,1.7,13.6
/player/970/traditional/,60,Othella Harrington,82,32.6,13.1,5.1,10.1,50.6,0.0,0.0,0.0,2.9,3.6,79.2,2.4,4.5,6.9,1.2,0.4,0.7,2.6,13.9
/player/383/traditional/,61,Kendall Gill,76,31.0,13.1,5.2,12.6,41.4,0.3,1.0,25.6,2.4,3.4,71.0,1.1,2.6,3.7,2.8,1.8,0.5,1.2,12.4
/player/22/traditional/,62,Rik Smits,79,23.4,12.9,5.5,11.3,48.4,0.0,0.0,0.0,2.0,2.7,73.9,1.2,3.9,5.1,1.1,0.3,1.3,1.4,12.7
/player/283/traditional/,63,Lindsey Hunter,82,35.6,12.7,4.6,10.9,42.5,2.0,4.7,43.2,1.4,1.9,76.0,0.4,2.6,3.0,4.0,1.6,0.3,1.8,13.1
/player/922/traditional/,64,Elden Campbell,78,32.5,12.7,4.7,10.6,44.6,0.0,0.1,0.0,3.2,4.6,69.0,2.2,5.4,7.6,1.7,0.7,1.9,1.6,15.6
/player/757/traditional/,65,Damon Stoudamire,78,30.4,12.5,4.9,11.5,43.2,1.0,2.7,37.7,1.6,1.9,84.1,0.8,2.3,3.1,5.2,1.0,0.0,1.9,13.1
/player/937/traditional/,66,Scottie Pippen,82,33.5,12.5,4.7,10.5,45.1,1.0,3.2,32.7,2.0,2.7,71.7,1.4,4.9,6.3,5.0,1.4,0.5,2.5,16.5
/player/1711/traditional/,67,Raef LaFrentz,81,30.1,12.4,4.8,10.9,44.6,0.7,2.3,32.8,2.0,2.9,68.6,2.1,5.8,7.9,1.2,0.5,2.2,1.2,16.2
/player/204/traditional/,68,Jeff Hornacek,77,27.7,12.4,4.6,9.5,49.2,0.9,1.8,47.8,2.2,2.3,95.0,0.6,1.7,2.4,2.6,0.9,0.2,1.5,12.0
/player/57/traditional/,69,Doug Christie,73,31.0,12.4,4.3,10.5,40.7,1.4,3.8,36.0,2.5,3.0,84.3,0.9,3.0,3.9,4.4,1.4,0.6,2.0,14.0
/player/1715/traditional/,70,Jason Williams,81,34.1,12.3,4.5,12.0,37.3,1.8,6.2,28.7,1.6,2.1,75.3,0.3,2.6,2.8,7.3,1.4,0.1,3.7,12.3
/player/1000/traditional/,71,Shandon Anderson,82,32.9,12.3,4.5,9.5,47.3,1.0,2.7,35.1,2.4,3.1,76.7,1.1,3.6,4.7,2.9,1.2,0.4,2.4,13.4
/player/124/traditional/,72,Vlade Divac,82,29.0,12.3,4.7,9.3,50.3,0.1,0.3,26.9,2.8,4.1,69.1,2.1,5.9,8.0,3.0,1.3,1.3,2.3,17.5
/player/363/traditional/,73,Christian Laettner,82,29.8,12.2,4.6,9.8,47.3,0.1,0.3,29.2,2.9,3.6,81.2,2.1,4.6,6.7,2.3,1.0,0.5,2.3,14.7
/player/304/traditional/,74,John Stockton,82,29.7,12.1,4.4,8.8,50.1,0.5,1.5,35.5,2.7,3.1,86.0,0.5,2.1,2.6,8.6,1.7,0.2,2.2,18.2
/player/1897/traditional/,75,Metta World Peace,72,31.1,12.0,4.3,10.5,40.7,0.8,2.7,31.4,2.6,3.9,67.4,0.9,3.4,4.3,2.8,1.7,0.5,2.3,11.5
/player/679/traditional/,76,Jason Caffey,71,30.4,12.0,4.5,9.5,47.9,0.0,0.0,0.0,2.9,4.9,59.7,2.7,4.1,6.8,1.7,0.9,0.3,2.4,12.3
/player/423/traditional/,77,Chris Gatling,85,21.3,11.9,4.3,9.4,45.5,0.2,0.8,25.7,3.1,4.4,71.3,1.8,4.1,5.9,0.8,1.0,0.3,2.0,11.5
/player/978/traditional/,78,Peja Stojakovic,74,23.6,11.9,4.3,9.7,44.8,1.4,3.6,37.5,1.8,2.1,88.2,1.0,2.7,3.7,1.4,0.7,0.1,1.2,11.0
/player/699/traditional/,79,Brent Barry,80,34.1,11.8,4.1,8.8,46.3,2.1,5.0,41.1,1.6,2.0,80.9,0.6,4.0,4.7,3.6,1.3,0.4,1.8,14.9
/player/1501/traditional/,79,Tim Thomas,80,26.2,11.8,4.3,9.4,46.1,0.8,2.3,34.6,2.4,3.0,77.4,1.3,2.9,4.2,1.4,0.7,0.4,1.6,11.1
/player/1739/traditional/,81,Ruben Patterson,81,25.9,11.6,4.4,8.2,53.6,0.1,0.3,44.4,2.7,4.0,69.2,2.7,2.7,5.4,1.6,1.2,0.5,1.8,13.4
/player/1887/traditional/,82,Wally Szczerbiak,73,29.7,11.6,4.7,9.2,51.1,0.4,1.1,35.9,1.8,2.2,82.6,1.2,2.5,3.7,2.8,0.8,0.3,1.1,13.2
/player/193/traditional/,83,Anthony Mason,82,38.2,11.6,3.9,8.1,48.0,0.0,0.0,0.0,3.8,5.1,74.6,1.8,6.8,8.5,4.5,0.9,0.4,2.0,18.4
/player/213/traditional/,84,Antonio Davis,79,31.4,11.5,4.0,9.0,44.0,0.0,0.0,0.0,3.6,4.7,76.5,3.0,5.8,8.8,1.3,0.5,1.3,1.5,15.7
/player/87/traditional/,85,Dikembe Mutombo,82,36.4,11.5,3.9,7.0,56.2,0.0,0.0,0.0,3.6,5.1,70.8,3.7,10.4,14.1,1.3,0.3,3.3,2.1,23.8
/player/907/traditional/,86,Malik Sealy,82,29.2,11.3,4.5,9.5,47.6,0.1,0.4,28.6,2.2,2.7,81.2,1.5,2.8,4.3,2.4,0.9,0.2,1.3,12.4
/player/302/traditional/,87,Mookie Blaylock,73,33.7,11.3,4.5,11.5,39.1,1.4,4.1,33.6,0.9,1.3,70.5,0.8,2.9,3.7,6.7,2.0,0.3,2.0,14.6
/player/422/traditional/,88,Avery Johnson,82,31.4,11.2,4.9,10.4,47.3,0.0,0.1,11.1,1.4,1.9,73.5,0.4,1.5,1.9,6.0,0.9,0.2,1.7,12.6
/player/1889/traditional/,89,Andre Miller,82,25.5,11.1,4.1,9.2,44.9,0.1,0.6,20.4,2.8,3.6,77.4,1.0,2.4,3.4,5.8,1.0,0.2,2.0,13.7
/player/1005/traditional/,90,Walt Williams,76,24.5,10.9,4.1,9.0,45.8,1.3,3.4,39.1,1.3,1.6,82.1,0.9,3.1,4.0,2.1,0.6,0.6,1.5,11.6
/player/98/traditional/,91,Nick Anderson,72,29.1,10.8,4.3,10.9,39.1,1.8,5.5,33.2,0.5,1.1,48.7,1.2,3.6,4.7,1.7,1.3,0.2,1.3,10.3
/player/913/traditional/,92,Larry Johnson,70,32.6,10.7,4.0,9.3,43.3,0.8,2.5,33.3,1.8,2.4,76.6,1.2,4.2,5.4,2.5,0.6,0.1,1.3,12.2
/player/680/traditional/,93,John Amaechi,80,21.1,10.5,3.8,8.8,43.7,0.0,0.1,16.7,2.8,3.6,76.6,0.8,2.6,3.3,1.2,0.4,0.5,1.7,8.4
/player/722/traditional/,94,Corliss Williamson,76,22.5,10.3,4.1,8.2,50.0,0.0,0.0,0.0,2.1,2.8,76.9,1.6,2.2,3.8,1.1,0.5,0.3,1.4,9.8
/player/1506/traditional/,95,Austin Croshere,81,23.3,10.3,3.6,8.1,44.1,0.8,2.1,36.2,2.4,2.9,84.8,1.7,4.7,6.4,1.1,0.5,0.7,1.5,12.6
/player/145/traditional/,96,Tracy Murray,80,22.9,10.2,3.6,8.4,43.3,1.4,3.3,43.0,1.5,1.8,85.1,0.8,2.6,3.4,0.9,0.6,0.3,1.1,9.3
/player/45/traditional/,97,George McCloud,78,27.2,10.1,3.4,8.2,41.7,1.4,3.6,37.8,1.9,2.3,81.8,0.9,2.7,3.7,3.2,0.6,0.3,1.7,10.9
/player/905/traditional/,98,Dale Davis,74,28.7,10.0,4.1,8.1,50.2,0.0,0.0,0.0,1.9,2.7,68.5,3.5,6.4,9.9,0.9,0.7,1.3,1.2,16.6
/player/271/traditional/,99,Johnny Newman,82,21.5,10.0,3.4,7.6,44.6,0.9,2.3,37.9,2.3,2.8,83.8,0.5,1.4,1.9,0.8,0.6,0.1,1.1,7.7
/player/693/traditional/,100,Joe Smith,78,25.3,9.9,3.7,8.0,46.4,0.0,0.0,100,2.5,3.3,75.6,2.4,3.8,6.2,1.1,0.6,1.1,1.5,12.3
/player/324/traditional/,101,Anthony Peeler,82,25.3,9.8,3.9,8.8,43.6,1.0,3.1,33.3,1.1,1.3,79.8,0.7,2.1,2.8,2.4,0.8,0.1,1.0,9.6
/player/1709/traditional/,102,Michael Olowokandi,80,31.2,9.8,4.1,9.5,43.7,0.0,0.0,0.0,1.5,2.4,65.1,2.4,5.8,8.2,0.5,0.4,1.8,2.2,12.3
/player/248/traditional/,103,George Lynch,75,32.2,9.6,4.0,8.6,46.1,0.2,0.5,41.7,1.5,2.4,61.7,2.9,4.9,7.8,1.8,1.6,0.5,1.6,14.1
/player/136/traditional/,104,P.J. Brown,80,28.8,9.6,4.0,8.4,48.0,0.0,0.0,0.0,1.5,2.0,75.5,2.7,4.8,7.5,1.8,0.8,0.8,1.3,14.3
/player/1088/traditional/,105,Chucky Atkins,82,19.8,9.5,3.8,9.0,42.4,0.7,2.0,35.0,1.2,1.6,72.9,0.2,1.3,1.5,3.7,0.6,0.0,1.7,8.1
/player/1907/traditional/,106,Vonteego Cummings,75,23.9,9.4,3.5,8.7,40.5,0.7,2.0,32.5,1.7,2.3,75.1,0.8,1.7,2.5,3.3,1.2,0.2,1.8,9.0
/player/445/traditional/,107,Wesley Person,79,26.0,9.2,3.5,8.3,42.8,1.3,3.2,42.4,0.8,1.0,79.2,0.6,2.8,3.4,1.8,0.5,0.2,0.8,9.5
/player/958/traditional/,108,Vitaly Potapenko,79,22.7,9.2,3.9,7.8,49.9,0.0,0.0,0.0,1.4,2.0,68.1,2.3,4.0,6.3,1.0,0.5,0.4,1.8,10.9
/player/1888/traditional/,109,Richard Hamilton,71,19.3,9.0,3.6,8.5,42.0,0.4,1.1,36.4,1.5,1.9,77.4,0.5,1.3,1.8,1.5,0.4,0.1,1.2,6.3
/player/696/traditional/,110,Travis Best,82,20.6,8.9,3.3,6.8,48.3,0.4,1.1,37.6,1.9,2.3,82.1,0.2,1.5,1.7,3.3,0.9,0.1,1.3,9.7
/player/15/traditional/,111,Eric Piatkowski,75,22.8,8.7,3.2,7.6,41.5,1.2,3.2,38.3,1.1,1.3,85.0,1.0,2.0,3.0,1.1,0.6,0.2,0.8,8.1
/player/42/traditional/,112,Monty Williams,75,20.0,8.7,3.5,7.2,48.9,0.0,0.1,40.0,1.6,2.2,74.1,1.3,2.1,3.3,1.4,0.6,0.2,1.5,8.6
/player/458/traditional/,113,Howard Eisley,82,25.6,8.6,3.4,8.2,41.8,0.7,2.0,36.8,1.0,1.2,82.4,0.3,1.8,2.1,4.2,0.7,0.1,1.6,9.1
/player/1721/traditional/,114,Keon Clark,81,22.8,8.6,3.5,6.5,54.2,0.0,0.1,12.5,1.5,2.2,68.8,2.0,4.2,6.2,0.9,0.6,1.4,1.5,12.4
/player/762/traditional/,115,Shawn Bradley,77,24.7,8.4,3.5,7.2,47.9,0.0,0.1,20.0,1.5,1.9,76.5,2.1,4.4,6.5,0.8,0.9,2.5,1.0,13.9
/player/966/traditional/,116,Jerome Williams,82,25.6,8.4,3.1,5.6,56.4,0.0,0.0,0.0,2.1,3.5,61.6,3.4,6.2,9.6,0.8,1.2,0.3,1.3,15.2
/player/1894/traditional/,117,Corey Maggette,77,17.8,8.4,2.9,6.1,47.8,0.0,0.1,18.2,2.5,3.4,75.1,1.6,2.3,3.9,0.8,0.3,0.3,1.8,7.9
/player/1903/traditional/,118,Kenny Thomas,72,25.0,8.3,2.9,7.4,39.9,0.4,1.7,26.2,1.9,2.9,66.0,2.0,4.0,6.1,1.6,0.8,0.3,1.6,10.0
/player/1727/traditional/,119,Pat Garrity,82,18.0,8.2,3.1,7.1,44.1,1.0,2.4,40.1,1.0,1.4,72.1,0.5,2.0,2.6,0.7,0.4,0.2,1.0,6.7
/player/1740/traditional/,120,Rashard Lewis,82,19.2,8.2,3.4,6.9,48.6,0.5,1.5,33.3,1.0,1.5,68.3,1.5,2.5,4.1,0.9,0.8,0.4,1.0,9.4
/player/1899/traditional/,121,James Posey,81,25.3,8.2,2.8,6.6,42.9,1.0,2.7,37.3,1.5,1.9,80.0,1.0,2.9,3.9,1.8,1.2,0.4,1.2,10.2
/player/349/traditional/,122,Mark Jackson,81,27.0,8.1,3.0,7.0,43.2,1.1,2.7,40.3,1.0,1.2,80.6,0.8,2.9,3.7,8.0,0.9,0.1,2.1,14.5
/player/1891/traditional/,123,Jason Terry,81,23.3,8.1,3.1,7.4,41.5,0.6,1.9,29.3,1.4,1.7,80.7,0.3,1.8,2.0,4.3,1.1,0.1,1.9,9.1
/player/902/traditional/,124,Bimbo Coles,80,24.1,8.1,3.5,7.6,45.5,0.1,0.5,20.5,1.1,1.3,81.7,0.4,1.8,2.2,3.6,0.7,0.1,1.3,9.0
/player/270/traditional/,125,Horace Grant,76,35.4,8.1,3.5,7.9,44.4,0.0,0.1,0.0,1.1,1.5,72.1,2.2,5.6,7.8,2.5,0.7,0.8,0.8,14.2
/player/703/traditional/,126,Kurt Thomas,80,24.6,8.0,3.4,6.7,50.5,0.0,0.0,33.3,1.3,1.6,78.1,1.8,4.5,6.3,1.0,0.6,0.5,1.3,11.5
/player/243/traditional/,127,Aaron McKie,82,23.8,8.0,3.0,7.2,41.1,0.5,1.5,36.4,1.5,1.8,82.9,0.6,2.4,3.0,2.9,1.3,0.2,1.4,9.5
/player/727/traditional/,128,Eric Snow,82,35.0,7.9,3.1,7.3,43.0,0.1,0.5,24.4,1.5,2.2,71.2,0.5,2.7,3.2,7.6,1.7,0.1,2.0,13.8
/player/43/traditional/,129,Chris Whitney,82,19.8,7.8,2.6,6.4,41.7,1.2,3.1,37.6,1.4,1.6,84.8,0.2,1.4,1.6,3.8,0.7,0.1,1.3,8.8
/player/788/traditional/,130,Kevin Willis,79,21.3,7.6,3.0,7.2,41.5,0.0,0.0,33.3,1.7,2.1,79.9,2.5,3.6,6.1,0.6,0.5,0.6,1.2,9.6
/player/1425/traditional/,131,Aaron Williams,81,19.1,7.6,2.9,5.6,52.2,0.0,0.0,0.0,1.8,2.5,72.6,2.0,3.1,5.0,0.7,0.5,1.1,1.0,10.7
/player/53/traditional/,132,Mario Elie,79,28.1,7.5,2.5,5.8,42.7,0.9,2.4,39.8,1.6,1.9,84.6,0.6,2.5,3.2,2.4,0.9,0.1,1.6,8.8
/player/96/traditional/,133,Detlef Schrempf,77,21.6,7.5,2.4,5.6,43.2,0.3,0.7,40.4,2.3,2.8,83.3,1.0,3.3,4.3,2.6,0.5,0.2,1.3,10.1
/player/93/traditional/,134,Hubert Davis,79,23.0,7.4,2.7,5.9,46.8,1.0,2.1,49.1,0.8,1.0,87.0,0.2,1.5,1.7,1.8,0.3,0.0,0.9,7.1
/player/369/traditional/,135,Charlie Ward,72,27.6,7.3,2.6,6.2,42.3,1.4,3.7,38.6,0.7,0.8,82.8,0.3,2.9,3.2,4.2,1.3,0.2,1.4,11.1
/player/221/traditional/,136,Clar. Weatherspoon,78,20.7,7.2,2.8,5.4,51.3,0.0,0.0,0.0,1.7,2.3,73.8,1.6,4.1,5.8,1.2,0.7,0.6,1.3,11.0
/player/344/traditional/,137,Dana Barros,72,15.8,7.2,2.7,6.0,45.1,0.8,2.0,41.0,0.9,1.1,86.8,0.2,1.2,1.4,1.8,0.4,0.1,0.9,6.5
/player/1751/traditional/,138,Jahidi White,80,19.2,7.1,2.9,5.6,50.7,0.0,0.0,0.0,1.4,2.6,53.6,2.5,4.4,6.9,0.2,0.4,1.0,1.2,10.5
/player/1720/traditional/,139,Michael Doleac,81,16.5,7.0,3.0,6.6,45.2,0.0,0.0,50.0,1.0,1.2,84.2,1.1,3.0,4.1,0.8,0.4,0.4,0.8,8.0
/player/166/traditional/,140,Ron Harper,80,25.5,7.0,2.7,6.6,39.9,0.4,1.3,31.1,1.3,1.8,68.0,1.2,3.0,4.2,3.4,1.1,0.5,1.7,9.9
/player/891/traditional/,141,Charles Oakley,80,30.4,6.9,2.9,7.0,41.8,0.2,0.5,34.1,0.8,1.1,77.6,1.5,5.3,6.8,3.2,1.3,0.6,1.9,12.4
/player/1559/traditional/,142,Adrian Griffin,72,26.8,6.7,2.4,5.7,42.4,0.2,0.8,28.1,1.7,2.2,75.3,1.8,3.4,5.2,2.5,1.6,0.2,1.3,11.0
/player/990/traditional/,143,Malik Rose,74,18.1,6.7,2.4,5.2,45.7,0.0,0.0,33.3,1.9,2.7,72.2,1.8,2.7,4.5,0.6,0.5,0.7,1.3,8.1
/player/371/traditional/,144,Terry Mills,82,22.5,6.7,2.6,6.0,43.9,1.2,3.0,39.3,0.3,0.4,73.5,0.6,4.1,4.8,1.0,0.5,0.3,0.6,9.2
/player/446/traditional/,145,Lucious Harris,77,19.6,6.7,2.6,6.0,42.8,0.5,1.5,33.0,1.0,1.3,79.8,0.7,1.7,2.4,1.3,0.8,0.1,0.5,7.1
/player/692/traditional/,146,Andrew DeClercq,82,22.3,6.6,2.7,5.4,50.8,0.0,0.0,0.0,1.1,2.0,58.8,1.9,3.5,5.4,0.7,0.8,0.8,1.3,9.5
/player/64/traditional/,147,Sam Perkins,81,20.0,6.6,2.3,5.4,41.7,1.1,2.7,40.8,1.0,1.2,82.5,0.8,2.8,3.6,0.8,0.4,0.4,0.8,7.7
/player/1499/traditional/,148,Tony Battie,82,18.4,6.6,2.7,5.6,47.7,0.0,0.1,12.5,1.2,1.8,67.5,1.9,3.1,5.0,0.8,0.6,0.9,0.8,9.5
/player/296/traditional/,149,Rick Fox,82,18.0,6.5,2.5,6.1,41.4,0.7,2.2,32.6,0.8,1.0,80.8,0.8,1.6,2.4,1.7,0.6,0.3,1.1,6.8
/player/1444/traditional/,150,Lawrence Funderburke,75,13.7,6.4,2.5,4.7,52.3,0.0,0.0,0.0,1.5,2.2,70.6,1.3,1.8,3.1,0.4,0.4,0.3,0.5,7.3
/player/1114/traditional/,151,Jaren Jackson,81,20.9,6.3,2.3,6.0,38.1,1.3,3.8,35.3,0.4,0.6,64.7,0.4,1.8,2.2,1.5,0.7,0.1,0.8,6.0
/player/1853/traditional/,152,Anthony Carter,79,23.5,6.3,2.5,6.4,39.5,0.0,0.3,13.0,1.2,1.6,75.0,0.6,1.9,2.5,4.8,1.2,0.1,2.2,8.4
/player/965/traditional/,153,Derek Fisher,78,23.1,6.3,2.1,6.2,34.6,0.7,2.1,31.3,1.3,1.9,72.4,0.3,1.6,1.8,2.8,1.0,0.0,1.0,6.4
/player/1108/traditional/,154,Tony Farmer,74,16.2,6.3,1.7,4.2,40.7,0.1,0.6,18.2,2.7,3.6,76.6,1.6,2.4,4.0,1.0,0.9,0.2,1.1,7.9
/player/26/traditional/,155,Luc Longley,72,19.7,6.3,2.6,5.5,46.6,0.0,0.0,0.0,1.1,1.3,82.5,1.4,3.1,4.5,1.1,0.3,0.6,1.9,7.6
/player/21/traditional/,156,Greg Anthony,82,18.9,6.3,2.1,5.1,40.6,1.1,2.8,37.8,1.1,1.4,77.2,0.2,1.4,1.6,2.5,0.7,0.1,1.0,6.9
/player/688/traditional/,157,Michael Curry,82,19.6,6.2,2.2,4.6,48.0,0.0,0.1,20.0,1.7,2.0,83.9,0.3,1.0,1.3,1.1,0.4,0.1,0.9,5.3
/player/197/traditional/,158,Scott Burrell,74,18.1,6.1,2.2,5.7,39.4,1.1,3.1,35.3,0.5,0.7,78.0,0.9,2.6,3.5,1.0,0.9,0.6,0.5,7.9
/player/1512/traditional/,159,Chris Anstey,73,13.8,6.0,2.2,5.0,44.2,0.0,0.1,16.7,1.6,2.0,78.9,1.2,2.6,3.8,0.9,0.4,0.3,1.1,7.2
/player/448/traditional/,160,Bo Outlaw,82,28.4,6.0,2.5,4.1,60.2,0.0,0.0,0.0,1.0,2.0,50.6,2.5,3.9,6.4,3.0,1.4,1.8,1.6,14.3
/player/953/traditional/,161,Lorenzen Wright,75,16.1,6.0,2.4,4.8,49.9,0.0,0.0,33.3,1.2,1.8,64.4,1.6,2.5,4.1,0.3,0.4,0.5,0.9,7.3
/player/1884/traditional/,162,Baron Davis,82,18.6,5.9,2.2,5.3,42.0,0.3,1.4,22.5,1.2,1.9,63.4,0.6,1.4,2.0,3.8,1.2,0.2,1.7,7.7
/player/1724/traditional/,163,Bryce Drew,72,18.0,5.8,2.2,5.7,38.3,0.8,2.3,36.2,0.6,0.7,84.9,0.3,1.1,1.4,2.3,0.6,0.0,0.9,5.5
/player/1725/traditional/,164,Rasho Nesterovic,82,21.0,5.7,2.5,5.3,47.6,0.0,0.0,0.0,0.7,1.3,57.3,1.6,3.0,4.6,1.1,0.3,1.0,0.9,8.6
/player/109/traditional/,165,Robert Horry,76,22.2,5.7,2.1,4.8,43.8,0.4,1.2,30.9,1.2,1.5,78.8,1.8,3.0,4.8,1.6,1.1,1.1,1.0,10.2
/player/994/traditional/,166,Jamie Feick,81,27.7,5.7,2.2,5.2,42.8,0.0,0.0,100,1.2,1.6,70.7,3.3,6.1,9.3,0.8,0.5,0.5,0.7,12.6
/player/239/traditional/,167,Darrick Martin,71,12.6,5.7,1.9,4.9,38.0,0.5,1.7,30.6,1.4,1.7,82.4,0.1,0.5,0.6,1.7,0.4,0.0,0.9,4.2
/player/95/traditional/,168,Mark Bryant,75,22.8,5.7,2.3,4.6,50.3,0.0,0.0,0.0,1.0,1.3,80.9,1.7,3.0,4.7,0.8,0.4,0.4,1.2,8.3
/player/1502/traditional/,169,Adonal Foyle,76,21.8,5.5,2.5,5.0,50.8,0.0,0.0,0.0,0.4,1.2,37.8,2.3,3.3,5.6,0.6,0.3,1.8,0.9,9.7
/player/1513/traditional/,170,Scot Pollard,76,17.6,5.4,2.0,3.7,52.7,0.0,0.0,0.0,1.5,2.1,71.7,2.2,3.1,5.3,0.6,0.7,0.8,0.7,9.8
/player/178/traditional/,171,Olden Polynice,82,22.2,5.3,2.5,4.9,51.0,0.0,0.0,50.0,0.3,1.1,31.1,2.0,3.5,5.5,0.5,0.4,1.0,0.9,8.7
/player/164/traditional/,172,Chris Childs,71,23.6,5.3,2.1,5.0,40.9,0.5,1.5,35.6,0.7,0.8,79.7,0.2,1.8,2.1,4.0,0.5,0.1,1.5,7.3
/player/177/traditional/,173,Muggsy Bogues,80,21.6,5.1,2.0,4.5,43.9,0.2,0.6,33.3,1.0,1.1,90.8,0.3,1.4,1.7,3.7,0.8,0.1,0.7,8.1
/player/955/traditional/,174,Samaki Walker,71,13.8,5.1,1.9,4.3,44.9,0.0,0.0,0.0,1.2,1.8,68.3,1.1,2.7,3.8,0.5,0.1,0.5,0.9,6.2
/player/1517/traditional/,175,Bobby Jackson,73,14.2,5.1,1.9,4.7,40.5,0.2,0.6,28.3,1.0,1.3,77.6,0.7,1.4,2.1,2.4,0.7,0.1,0.8,6.3
/player/920/traditional/,176,A.C. Green,82,23.5,5.0,2.1,4.7,44.7,0.0,0.0,25.0,0.8,1.2,69.5,2.0,4.0,5.9,1.0,0.6,0.2,0.6,9.2
/player/988/traditional/,177,Randy Livingston,79,13.7,4.8,2.0,4.7,41.6,0.2,0.7,34.5,0.7,0.8,83.9,0.3,1.3,1.6,2.2,0.6,0.2,1.2,5.4
/player/1112/traditional/,178,Ben Wallace,81,24.2,4.8,2.1,4.1,50.3,0.0,0.0,0.0,0.7,1.4,47.4,2.6,5.6,8.2,0.8,0.9,1.6,0.8,12.7
/player/911/traditional/,179,Ervin Johnson,80,26.6,4.8,1.8,3.5,51.6,0.0,0.0,0.0,1.2,2.0,60.5,2.9,5.2,8.1,0.6,1.0,1.6,1.0,12.6
/player/330/traditional/,180,Danny Manning,72,16.9,4.6,2.1,4.7,44.0,0.0,0.1,25.0,0.5,0.7,65.4,0.7,2.2,2.9,1.0,0.9,0.4,0.8,6.1
/player/731/traditional/,181,Greg Ostertag,81,19.8,4.5,1.5,3.3,46.4,0.0,0.0,0.0,1.5,2.3,63.6,2.1,3.8,6.0,0.2,0.2,2.1,1.0,9.5
/player/760/traditional/,182,Jerome Kersey,72,18.2,4.5,2.0,4.9,41.2,0.0,0.1,0.0,0.4,0.6,70.7,0.8,2.3,3.1,1.0,0.9,0.7,0.7,6.4
/player/399/traditional/,183,Sean Rooks,71,14.1,4.4,1.7,4.0,43.1,0.0,0.0,0.0,0.9,1.3,73.0,1.2,2.3,3.5,1.0,0.4,0.7,1.0,6.4
/player/216/traditional/,184,Brian Shaw,74,16.9,4.1,1.7,4.4,38.2,0.2,0.8,31.0,0.6,0.7,75.9,0.6,2.3,2.9,2.7,0.5,0.2,1.0,6.5
/player/979/traditional/,185,Jermaine O'Neal,70,12.3,3.9,1.5,3.2,48.6,0.0,0.0,0.0,0.8,1.4,58.2,1.4,1.9,3.3,0.3,0.2,0.8,0.7,5.5
/player/1900/traditional/,186,Quincy Lewis,74,12.1,3.8,1.5,4.0,37.2,0.3,0.9,36.5,0.5,0.7,73.1,0.6,0.9,1.5,0.5,0.3,0.2,0.6,3.1
/player/1521/traditional/,187,Jacque Vaughn,78,11.3,3.7,1.4,3.4,41.6,0.2,0.4,41.2,0.7,1.0,75.0,0.1,0.7,0.8,1.6,0.4,0.0,1.0,3.3
/player/1913/traditional/,188,Michael Ruffin,71,13.7,2.2,0.8,1.9,42.0,0.0,0.0,0.0,0.6,1.2,48.9,1.6,1.9,3.5,0.6,0.4,0.4,0.8,4.5
