pos,#,player,gp,min,pts,fgm,fga,fg%,3pm,3pa,3p%,ftm,fta,ft%,oreb,dreb,reb,ast,stl,blk,tov,eff
/player/2548/traditional/,1,Dwyane Wade,79,38.6,30.2,10.8,22.0,49.1,1.1,3.5,31.7,7.5,9.8,76.5,1.1,3.9,5.0,7.5,2.2,1.3,3.4,29.3
/player/2544/traditional/,2,LeBron James,81,37.7,28.4,9.7,19.9,48.9,1.6,4.7,34.4,7.3,9.4,78.0,1.3,6.3,7.6,7.2,1.7,1.1,3.0,30.9
/player/977/traditional/,3,Kobe Bryant,82,36.1,26.8,9.8,20.9,46.7,1.4,4.1,35.1,5.9,6.9,85.6,1.1,4.1,5.2,4.9,1.5,0.5,2.6,24.2
/player/1717/traditional/,4,Dirk Nowitzki,81,37.7,25.9,9.6,20.0,47.9,0.8,2.1,35.9,6.0,6.7,89.0,1.1,7.3,8.4,2.4,0.8,0.8,1.9,25.1
/player/101122/traditional/,5,Danny Granger,67,36.2,25.8,8.5,19.1,44.7,2.7,6.7,40.4,6.0,6.9,87.8,0.7,4.4,5.1,2.7,1.0,1.4,2.5,22.3
/player/201142/traditional/,6,Kevin Durant,74,39.0,25.3,8.9,18.8,47.6,1.3,3.1,42.2,6.1,7.1,86.3,1.0,5.5,6.5,2.8,1.3,0.7,3.0,22.7
/player/101108/traditional/,7,Chris Paul,78,38.5,22.8,8.1,16.1,50.3,0.8,2.3,36.4,5.8,6.7,86.8,0.9,4.7,5.5,11.0,2.8,0.1,3.0,30.5
/player/2546/traditional/,8,Carmelo Anthony,66,34.5,22.8,8.1,18.3,44.3,1.0,2.6,37.1,5.6,7.1,79.3,1.6,5.2,6.8,3.4,1.1,0.4,3.0,19.8
/player/2547/traditional/,9,Chris Bosh,77,38.0,22.7,8.0,16.4,48.7,0.2,0.6,24.5,6.5,8.0,81.7,2.8,7.2,10.0,2.5,0.9,1.0,2.3,24.9
/player/200750/traditional/,10,Brandon Roy,78,37.2,22.6,8.1,16.9,48.0,1.1,2.8,37.7,5.3,6.5,82.4,1.3,3.4,4.7,5.1,1.1,0.3,1.9,22.0
/player/1712/traditional/,11,Antawn Jamison,81,38.2,22.2,8.3,17.8,46.8,1.4,3.9,35.1,4.2,5.6,75.4,2.4,6.5,8.9,1.9,1.2,0.3,1.5,22.1
/player/2225/traditional/,12,Tony Parker,72,34.1,22.0,8.9,17.5,50.6,0.3,0.9,29.2,3.9,5.0,78.2,0.4,2.7,3.1,6.9,0.9,0.1,2.6,20.6
/player/2207/traditional/,13,Joe Johnson,79,39.5,21.4,7.8,18.0,43.7,1.9,5.2,36.0,3.8,4.6,82.6,0.8,3.6,4.4,5.8,1.1,0.2,2.5,19.4
/player/2734/traditional/,14,Devin Harris,69,36.1,21.3,6.6,15.1,43.8,0.9,3.2,29.1,7.2,8.8,82.0,0.4,2.9,3.3,6.9,1.7,0.2,3.1,20.3
/player/2561/traditional/,15,David West,76,39.2,21.0,8.0,17.0,47.2,0.1,0.3,24.0,4.8,5.5,88.4,2.1,6.4,8.5,2.3,0.6,0.9,2.1,21.5
/player/1713/traditional/,16,Vince Carter,80,36.8,20.8,7.4,16.8,43.7,1.9,4.9,38.5,4.2,5.1,81.7,0.9,4.2,5.1,4.7,1.0,0.5,2.1,19.6
/player/2732/traditional/,17,Ben Gordon,82,36.6,20.7,7.3,16.0,45.5,2.1,5.1,41.0,4.0,4.7,86.4,0.6,2.8,3.5,3.4,0.9,0.3,2.4,16.9
/player/2730/traditional/,18,Dwight Howard,79,35.7,20.6,7.1,12.4,57.2,0.0,0.0,0.0,6.4,10.7,59.4,4.3,9.6,13.8,1.4,1.0,2.9,3.0,27.0
/player/1718/traditional/,19,Paul Pierce,81,37.5,20.5,6.7,14.6,45.7,1.5,3.8,39.1,5.7,6.8,83.0,0.7,5.0,5.6,3.6,1.0,0.3,2.8,19.2
/player/1733/traditional/,20,Al Harrington,73,34.9,20.1,7.3,16.6,43.9,2.3,6.4,36.4,3.2,4.0,79.3,1.4,4.9,6.2,1.4,1.2,0.3,2.2,16.9
/player/2397/traditional/,21,Yao Ming,77,33.6,19.7,7.4,13.4,54.8,0.0,0.0,100,4.9,5.7,86.6,2.6,7.2,9.9,1.8,0.4,1.9,3.0,23.8
/player/2210/traditional/,22,Richard Jefferson,82,35.8,19.6,6.5,14.9,43.9,1.4,3.6,39.7,5.1,6.3,80.5,0.7,3.9,4.6,2.4,0.8,0.2,2.0,16.0
/player/1891/traditional/,23,Jason Terry,74,33.7,19.6,7.3,15.8,46.3,2.3,6.2,36.6,2.7,3.0,88.0,0.5,1.9,2.4,3.4,1.3,0.3,1.6,16.5
/player/1495/traditional/,24,Tim Duncan,75,33.6,19.3,7.4,14.8,50.4,0.0,0.0,0.0,4.5,6.4,69.2,2.7,8.0,10.7,3.5,0.5,1.7,2.2,24.2
/player/200752/traditional/,25,Rudy Gay,79,37.3,18.9,7.2,16.0,45.3,1.1,3.1,35.1,3.3,4.4,76.7,1.4,4.2,5.5,1.7,1.2,0.7,2.6,15.8
/player/2200/traditional/,26,Pau Gasol,81,37.0,18.9,7.3,12.9,56.7,0.0,0.0,50.0,4.2,5.4,78.1,3.2,6.4,9.6,3.5,0.6,1.0,1.9,24.9
/player/2738/traditional/,27,Andre Iguodala,82,39.9,18.8,6.6,14.0,47.3,1.0,3.2,30.7,4.6,6.4,72.4,1.1,4.6,5.7,5.3,1.6,0.4,2.7,20.0
/player/201564/traditional/,28,O.J. Mayo,82,38.0,18.5,6.9,15.6,43.8,1.8,4.6,38.4,3.0,3.4,87.9,0.7,3.1,3.8,3.2,1.1,0.2,2.8,14.7
/player/2422/traditional/,29,John Salmons,79,37.5,18.3,6.5,13.8,47.2,1.6,3.8,41.7,3.6,4.4,83.0,0.7,3.5,4.2,3.2,1.1,0.3,2.1,16.9
/player/951/traditional/,30,Ray Allen,79,36.4,18.2,6.3,13.2,48.0,2.5,6.2,40.9,3.0,3.2,95.2,0.8,2.7,3.5,2.8,0.9,0.2,1.7,16.8
/player/200746/traditional/,31,LaMarcus Aldridge,81,37.1,18.1,7.4,15.3,48.4,0.1,0.3,25.0,3.2,4.1,78.1,2.9,4.6,7.5,1.9,1.0,1.0,1.5,19.1
/player/2590/traditional/,32,Mo Williams,81,35.0,17.8,6.5,13.9,46.7,2.3,5.2,43.6,2.6,2.8,91.2,0.6,2.9,3.4,4.1,0.9,0.1,2.2,16.4
/player/406/traditional/,33,Shaquille O'Neal,75,30.0,17.8,6.8,11.2,60.9,0.0,0.0,0.0,4.1,6.9,59.5,2.5,5.9,8.4,1.7,0.7,1.4,2.2,20.6
/player/1740/traditional/,34,Rashard Lewis,79,36.2,17.7,6.1,13.8,43.9,2.8,7.0,39.7,2.8,3.4,83.6,1.2,4.6,5.7,2.6,1.0,0.6,2.0,17.4
/player/1497/traditional/,35,Chauncey Billups,79,35.3,17.7,5.2,12.4,41.8,2.1,5.0,40.8,5.3,5.8,91.3,0.4,2.6,3.0,6.4,1.2,0.2,2.2,18.6
/player/101126/traditional/,36,Nate Robinson,74,29.9,17.2,6.1,13.9,43.7,1.7,5.2,32.5,3.4,4.0,84.1,1.3,2.6,3.9,4.1,1.3,0.1,1.9,16.2
/player/2246/traditional/,37,Mehmet Okur,72,33.5,17.0,6.0,12.3,48.5,1.3,2.8,44.6,3.8,4.6,81.7,1.7,6.0,7.7,1.7,0.8,0.7,1.8,18.9
/player/2202/traditional/,38,Jason Richardson,72,33.5,16.8,6.5,13.5,47.7,1.8,4.5,39.7,2.1,2.8,76.9,1.1,3.4,4.4,2.0,1.1,0.4,1.3,15.7
/player/201154/traditional/,39,Al Thornton,71,37.4,16.8,6.6,14.8,44.6,0.3,1.1,25.3,3.3,4.4,75.4,1.7,3.5,5.2,1.5,0.8,0.9,1.8,14.0
/player/2045/traditional/,40,Hedo Turkoglu,77,36.6,16.8,5.5,13.3,41.3,1.7,4.9,35.6,4.1,5.1,80.7,0.6,4.7,5.3,4.9,0.8,0.2,2.6,16.6
/player/201565/traditional/,41,Derrick Rose,81,37.0,16.8,7.1,14.9,47.5,0.2,0.9,22.2,2.4,3.1,78.8,1.2,2.7,3.9,6.3,0.8,0.2,2.5,17.1
/player/2222/traditional/,42,Gerald Wallace,71,37.6,16.6,5.5,11.4,48.0,0.5,1.8,29.8,5.1,6.4,80.4,1.6,6.2,7.8,2.7,1.7,0.9,2.1,20.5
/player/201145/traditional/,43,Jeff Green,78,36.8,16.5,6.1,13.7,44.6,1.2,3.2,38.9,3.1,3.9,78.8,1.5,5.1,6.7,2.0,1.0,0.4,2.2,16.0
/player/1889/traditional/,44,Andre Miller,82,36.3,16.3,6.0,12.7,47.3,0.2,0.6,28.3,4.1,5.0,82.6,1.5,3.0,4.5,6.5,1.3,0.2,2.4,18.8
/player/200751/traditional/,45,Randy Foye,70,35.6,16.3,5.7,14.0,40.7,1.6,4.4,36.0,3.3,3.9,84.6,0.5,2.6,3.1,4.3,1.0,0.4,2.1,14.0
/player/101111/traditional/,46,Charlie Villanueva,78,26.9,16.2,6.2,14.0,44.7,1.1,3.3,34.5,2.6,3.1,83.8,2.0,4.7,6.7,1.8,0.6,0.7,1.8,16.0
/player/201569/traditional/,47,Eric Gordon,78,34.3,16.1,5.3,11.6,45.6,1.7,4.3,38.9,3.8,4.5,85.4,0.6,2.0,2.6,2.8,1.0,0.4,2.1,13.8
/player/101135/traditional/,48,David Lee,81,34.9,16.0,6.4,11.7,54.9,0.0,0.0,0.0,3.1,4.1,75.5,3.2,8.6,11.7,2.1,1.0,0.3,1.9,23.0
/player/959/traditional/,49,Steve Nash,74,33.6,15.7,5.8,11.5,50.3,1.5,3.3,43.9,2.6,2.8,93.3,0.3,2.8,3.0,9.7,0.7,0.1,3.4,20.0
/player/200745/traditional/,50,Andrea Bargnani,78,31.4,15.4,5.5,12.3,45.0,1.5,3.7,40.9,2.8,3.4,83.1,0.9,4.4,5.3,1.2,0.4,1.2,1.7,14.6
/player/201566/traditional/,51,Russell Westbrook,82,32.5,15.3,5.3,13.4,39.8,0.4,1.6,27.1,4.3,5.2,81.5,2.2,2.7,4.9,5.3,1.3,0.2,3.3,14.7
/player/201152/traditional/,52,Thaddeus Young,75,34.4,15.3,6.3,12.8,49.5,0.7,2.2,34.1,1.9,2.5,73.5,1.9,3.2,5.0,1.1,1.3,0.3,1.6,14.4
/player/2747/traditional/,53,JR Smith,81,27.7,15.2,5.2,11.7,44.6,2.2,5.6,39.7,2.5,3.4,75.4,0.5,3.1,3.7,2.8,1.0,0.2,1.9,13.7
/player/2551/traditional/,54,T.J. Ford,74,30.5,14.9,5.6,12.3,45.2,0.5,1.4,33.7,3.3,3.8,87.2,0.8,2.7,3.5,5.3,1.2,0.2,2.4,15.5
/player/1710/traditional/,55,Mike Bibby,79,34.7,14.9,5.5,12.7,43.5,2.1,5.4,39.0,1.7,2.2,78.9,0.5,3.0,3.5,5.0,1.2,0.1,1.6,15.5
/player/2403/traditional/,56,Nene,77,32.6,14.6,5.6,9.2,60.4,0.0,0.1,20.0,3.5,4.8,72.3,2.4,5.4,7.8,1.4,1.2,1.3,1.9,19.4
/player/201163/traditional/,57,Wilson Chandler,82,33.4,14.4,5.5,12.9,43.2,1.3,3.8,32.8,2.1,2.6,79.5,1.1,4.3,5.4,2.1,0.9,0.9,1.7,14.2
/player/101235/traditional/,58,Kelenna Azubuike,74,32.1,14.4,5.3,11.4,46.4,1.3,2.8,44.8,2.5,3.1,80.8,1.5,3.5,5.0,1.6,0.8,0.7,1.3,14.4
/player/2211/traditional/,59,Troy Murphy,73,34.0,14.3,5.0,10.5,47.5,2.2,4.9,45.0,2.1,2.5,82.6,2.0,9.8,11.8,2.4,0.8,0.5,1.6,22.2
/player/2571/traditional/,60,Leandro Barbosa,70,24.4,14.2,5.2,10.8,48.2,1.3,3.4,37.5,2.4,2.8,88.1,0.5,2.1,2.6,2.3,1.2,0.1,1.3,13.1
/player/2419/traditional/,61,Tayshaun Prince,82,37.3,14.2,5.6,12.4,45.0,0.7,1.7,39.7,2.3,3.0,77.8,1.6,4.2,5.8,3.1,0.5,0.6,1.2,15.5
/player/101109/traditional/,62,Raymond Felton,82,37.6,14.2,5.4,13.2,40.8,0.7,2.5,28.5,2.7,3.3,80.5,0.7,3.1,3.8,6.7,1.5,0.4,2.8,15.4
/player/201563/traditional/,63,Michael Beasley,81,24.8,13.9,5.6,11.8,47.2,0.4,1.0,40.7,2.3,3.0,77.2,1.4,4.1,5.4,1.0,0.5,0.5,1.5,12.9
/player/200758/traditional/,64,Ronnie Brewer,81,32.2,13.7,5.2,10.2,50.8,0.3,1.0,25.9,3.0,4.3,70.2,1.2,2.5,3.7,2.2,1.7,0.4,1.4,14.0
/player/200794/traditional/,65,Paul Millsap,76,30.1,13.5,5.3,9.9,53.4,0.0,0.1,0.0,3.0,4.3,69.9,3.3,5.3,8.6,1.8,1.0,1.0,1.7,18.4
/player/201155/traditional/,66,Rodney Stuckey,79,31.9,13.4,5.1,11.6,43.9,0.3,1.0,29.5,2.9,3.7,80.3,0.9,2.6,3.5,4.9,1.0,0.1,2.2,13.5
/player/101155/traditional/,67,Ryan Gomes,82,31.9,13.3,5.1,11.9,43.1,1.3,3.5,37.2,1.8,2.2,80.7,1.3,3.5,4.8,1.6,0.8,0.3,1.6,12.0
/player/2564/traditional/,68,Boris Diaw,81,34.0,13.2,5.5,10.9,50.7,0.9,2.2,41.4,1.2,1.8,68.7,1.5,3.9,5.3,4.1,0.8,0.7,2.7,15.5
/player/2731/traditional/,69,Emeka Okafor,82,32.8,13.2,5.3,9.4,56.1,0.0,0.0,0.0,2.7,4.5,59.3,3.4,6.7,10.1,0.6,0.6,1.7,1.8,18.5
/player/101127/traditional/,70,Jarrett Jack,82,33.1,13.1,4.7,10.4,45.3,1.0,2.7,35.3,2.7,3.2,85.2,0.5,2.8,3.4,4.1,1.1,0.2,2.2,13.5
/player/201572/traditional/,71,Brook Lopez,82,30.5,13.0,5.5,10.3,53.1,0.0,0.0,0.0,2.1,2.6,79.3,2.7,5.4,8.1,1.0,0.5,1.8,1.8,17.4
/player/101150/traditional/,72,Lou Williams,81,23.7,12.8,4.1,10.4,39.8,0.8,2.7,28.6,3.8,4.8,79.0,0.4,1.6,2.0,3.0,1.0,0.2,1.9,9.9
/player/2566/traditional/,73,Travis Outlaw,81,27.7,12.8,4.8,10.5,45.3,1.1,2.9,37.7,2.2,3.0,72.3,0.9,3.2,4.1,1.0,0.6,0.7,1.2,11.4
/player/2449/traditional/,74,Luis Scola,82,30.3,12.7,5.2,9.7,53.1,0.0,0.0,0.0,2.4,3.1,76.0,2.4,6.3,8.8,1.5,0.8,0.1,1.5,17.1
/player/201196/traditional/,75,Ramon Sessions,79,27.5,12.4,4.4,9.8,44.5,0.1,0.4,17.6,3.6,4.5,79.4,0.8,2.6,3.4,5.7,1.1,0.1,1.9,14.3
/player/2436/traditional/,76,Flip Murray,80,24.7,12.2,4.4,9.9,44.7,1.1,3.0,36.0,2.2,2.9,76.0,0.3,1.8,2.1,2.0,1.1,0.2,1.6,9.8
/player/255/traditional/,77,Grant Hill,82,29.8,12.0,4.8,9.1,52.3,0.3,0.9,31.6,2.2,2.7,80.8,0.8,4.2,4.9,2.3,1.1,0.7,1.5,14.6
/player/200765/traditional/,78,Rajon Rondo,80,33.0,11.9,4.8,9.5,50.5,0.2,0.6,31.3,2.2,3.4,64.2,1.3,4.0,5.2,8.2,1.9,0.1,2.6,18.8
/player/201188/traditional/,79,Marc Gasol,82,30.7,11.9,4.3,8.1,53.0,0.0,0.0,0.0,3.4,4.6,73.3,2.5,4.9,7.4,1.7,0.8,1.1,2.0,15.9
/player/1802/traditional/,80,Brad Miller,70,30.0,11.9,4.2,8.8,47.6,0.3,0.8,41.1,3.2,3.9,82.4,2.1,5.6,7.8,3.3,0.7,0.5,1.9,17.1
/player/2427/traditional/,81,Roger Mason Jr.,82,30.4,11.8,4.3,10.0,42.5,2.0,4.8,42.1,1.3,1.4,89.0,0.2,2.9,3.1,2.1,0.5,0.1,1.2,10.5
/player/201571/traditional/,82,D.J. Augustin,72,26.5,11.8,3.7,8.6,43.0,1.5,3.4,43.9,2.9,3.2,89.3,0.2,1.6,1.8,3.5,0.6,0.0,1.7,10.8
/player/1747/traditional/,83,Rafer Alston,77,31.8,11.7,4.1,10.6,38.5,1.5,4.3,33.8,2.0,2.7,75.0,0.4,2.5,2.9,5.3,1.4,0.1,1.8,12.4
/player/101124/traditional/,84,Hakim Warrick,82,24.7,11.6,4.1,8.5,49.1,0.1,0.3,21.7,3.2,4.6,71.1,1.6,3.4,5.0,0.8,0.6,0.5,1.2,11.6
/player/2804/traditional/,85,Andres Nocioni,76,26.2,11.4,3.9,9.2,42.7,1.6,4.1,39.9,1.9,2.4,79.2,0.7,4.0,4.8,1.3,0.5,0.4,1.5,11.2
/player/201150/traditional/,86,Spencer Hawes,77,29.3,11.4,4.8,10.4,46.6,0.5,1.5,34.8,1.2,1.8,66.2,1.9,5.2,7.1,1.9,0.6,1.2,2.1,14.0
/player/1885/traditional/,87,Lamar Odom,78,29.7,11.3,4.4,9.0,49.2,0.4,1.3,32.0,2.1,3.3,62.3,2.3,5.9,8.2,2.6,1.0,1.3,1.8,16.8
/player/2446/traditional/,88,Rasual Butler,82,31.9,11.2,4.2,9.8,43.3,1.7,4.4,39.0,1.0,1.3,78.2,0.6,2.7,3.3,0.9,0.6,0.7,0.7,10.3
/player/201166/traditional/,89,Aaron Brooks,80,25.0,11.2,4.0,9.8,40.4,1.4,3.9,36.6,1.9,2.2,86.6,0.4,1.6,2.0,3.0,0.6,0.1,1.6,9.1
/player/2768/traditional/,90,Chris Duhon,79,36.8,11.1,3.6,8.6,42.1,1.6,4.1,39.1,2.3,2.6,85.6,0.6,2.5,3.1,7.2,0.9,0.1,2.8,14.3
/player/201567/traditional/,91,Kevin Love,81,25.3,11.1,3.9,8.5,45.9,0.0,0.2,10.5,3.3,4.1,78.9,3.4,5.7,9.1,1.0,0.4,0.6,1.5,15.3
/player/201574/traditional/,92,Jason Thompson,82,28.1,11.1,4.3,8.7,49.7,0.0,0.1,0.0,2.4,3.5,69.2,2.9,4.5,7.4,1.1,0.6,0.7,1.8,13.6
/player/2757/traditional/,93,Beno Udrih,73,31.1,11.0,4.4,9.5,46.1,0.5,1.5,31.0,1.7,2.1,82.0,0.6,2.4,3.0,4.7,1.1,0.2,2.2,12.3
/player/201144/traditional/,94,Mike Conley,82,30.6,10.9,3.9,8.9,44.2,1.1,2.6,40.6,2.0,2.4,81.7,0.3,3.1,3.4,4.3,1.1,0.1,1.7,12.6
/player/201156/traditional/,95,Nick Young,82,22.4,10.9,4.1,9.2,44.4,0.7,2.0,34.1,2.0,2.4,85.0,0.4,1.5,1.8,1.2,0.5,0.2,1.1,8.0
/player/200748/traditional/,96,Tyrus Thomas,79,27.5,10.8,3.9,8.6,45.1,0.0,0.1,33.3,3.0,3.8,78.3,1.9,4.6,6.4,1.0,1.2,1.9,1.6,14.1
/player/1515/traditional/,97,Anthony Parker,80,33.0,10.7,4.0,9.4,42.6,1.2,3.0,39.0,1.5,1.8,83.4,0.6,3.4,4.0,3.4,1.3,0.2,1.4,12.3
/player/2617/traditional/,98,Udonis Haslem,75,34.1,10.6,4.4,8.6,51.8,0.0,0.0,0.0,1.7,2.3,75.3,2.3,6.0,8.2,1.1,0.6,0.3,1.1,15.1
/player/201164/traditional/,99,Rudy Fernandez,78,25.6,10.4,3.4,8.1,42.5,2.0,5.1,39.9,1.5,1.8,83.9,0.6,2.1,2.7,2.0,0.9,0.2,1.1,10.1
/player/2440/traditional/,100,Matt Barnes,77,27.0,10.2,3.7,8.8,42.3,1.5,4.4,34.3,1.3,1.8,74.3,1.0,4.4,5.5,2.8,0.7,0.3,1.7,12.3
/player/2047/traditional/,101,Quentin Richardson,72,26.3,10.2,3.6,9.3,39.3,1.7,4.6,36.5,1.2,1.6,76.1,1.0,3.4,4.4,1.6,0.7,0.1,1.0,9.9
/player/200783/traditional/,102,Craig Smith,74,19.7,10.1,3.9,6.9,56.2,0.0,0.0,0.0,2.3,3.4,67.7,1.3,2.5,3.8,1.1,0.4,0.3,1.4,10.1
/player/101154/traditional/,103,Andray Blatche,71,24.0,10.0,4.2,8.9,47.1,0.1,0.3,23.8,1.6,2.3,70.4,1.8,3.5,5.3,1.7,0.7,1.0,1.6,11.8
/player/201596/traditional/,104,Mario Chalmers,82,32.0,10.0,3.4,8.1,42.0,1.4,3.8,36.7,1.8,2.4,76.7,0.5,2.3,2.8,4.9,2.0,0.1,2.0,12.5
/player/965/traditional/,105,Derek Fisher,82,29.8,9.9,3.6,8.4,42.4,1.5,3.7,39.7,1.3,1.6,84.6,0.3,2.0,2.3,3.2,1.2,0.1,0.9,10.7
/player/101132/traditional/,106,Linas Kleiza,82,22.2,9.9,3.5,7.9,44.7,1.1,3.3,32.6,1.8,2.5,72.5,1.1,2.9,4.0,0.8,0.4,0.2,1.0,9.2
/player/2034/traditional/,107,Mike Miller,73,32.3,9.9,3.6,7.5,48.2,1.2,3.1,37.8,1.5,2.0,73.2,1.0,5.6,6.6,4.5,0.4,0.4,2.0,15.4
/player/2742/traditional/,108,Sebastian Telfair,75,27.9,9.8,3.6,9.3,38.3,1.0,2.8,34.6,1.7,2.1,81.9,0.4,1.3,1.7,4.6,1.0,0.2,1.9,9.2
/player/2039/traditional/,109,Keyon Dooling,77,26.9,9.7,3.4,7.8,43.6,1.3,3.1,42.1,1.6,2.0,82.5,0.3,1.7,2.0,3.5,0.9,0.1,1.4,10.2
/player/714/traditional/,110,Michael Finley,81,28.8,9.7,3.7,8.5,43.7,1.6,3.9,41.1,0.6,0.8,82.3,0.3,3.0,3.3,1.4,0.5,0.2,0.8,9.4
/player/2557/traditional/,111,Luke Ridnour,72,28.2,9.6,3.5,8.6,40.3,0.8,2.2,35.0,1.8,2.1,86.9,0.5,2.6,3.0,5.1,1.3,0.2,1.8,11.9
/player/201228/traditional/,112,C.J. Watson,77,24.5,9.5,3.3,7.3,45.7,0.6,1.6,40.0,2.2,2.5,87.0,0.5,2.0,2.5,2.7,1.2,0.1,1.2,10.5
/player/201161/traditional/,113,Daequan Cook,75,24.4,9.1,3.2,8.6,37.5,2.0,5.3,38.7,0.7,0.7,87.5,0.3,2.3,2.5,0.9,0.5,0.1,0.6,7.2
/player/101139/traditional/,114,CJ Miles,72,22.5,9.1,3.6,7.8,45.9,0.9,2.5,35.2,1.1,1.2,87.6,0.6,1.7,2.3,1.5,0.6,0.2,0.9,8.5
/player/2594/traditional/,115,Kyle Korver,78,24.0,9.0,3.1,7.2,43.8,1.3,3.4,38.6,1.4,1.6,88.2,0.4,2.9,3.3,1.8,0.6,0.4,1.2,9.7
/player/467/traditional/,116,Jason Kidd,81,35.6,9.0,3.2,7.6,41.6,1.6,4.0,40.6,1.1,1.3,81.9,1.0,5.1,6.2,8.7,2.0,0.5,2.3,19.3
/player/1899/traditional/,117,James Posey,75,28.5,8.9,2.9,7.0,41.2,1.5,4.2,36.9,1.6,1.9,82.2,0.5,4.3,4.8,1.1,0.8,0.3,1.1,10.4
/player/2772/traditional/,118,Trevor Ariza,82,24.4,8.9,3.3,7.3,46.0,0.7,2.3,31.9,1.5,2.1,71.0,1.4,2.9,4.3,1.8,1.7,0.3,1.1,11.3
/player/2553/traditional/,119,Jarvis Hayes,74,24.8,8.7,3.5,7.8,44.5,1.3,3.3,38.5,0.5,0.7,69.2,0.4,3.2,3.6,0.7,0.7,0.1,0.7,8.6
/player/2760/traditional/,120,Anderson Varejao,81,28.5,8.6,3.3,6.2,53.6,0.0,0.0,0.0,1.9,3.1,61.6,2.0,5.1,7.2,1.0,0.9,0.8,1.0,13.4
/player/2067/traditional/,121,Eddie House,81,18.3,8.5,3.1,6.9,44.5,1.9,4.2,44.4,0.5,0.7,79.2,0.1,1.8,1.9,1.1,0.8,0.1,0.7,7.8
/player/2570/traditional/,122,Kendrick Perkins,76,29.6,8.5,3.6,6.3,57.7,0.0,0.0,0.0,1.3,2.1,60.0,2.7,5.5,8.1,1.3,0.3,2.0,2.2,14.5
/player/101138/traditional/,123,Brandon Bass,81,19.4,8.5,3.1,6.3,49.6,0.0,0.1,0.0,2.2,2.6,86.7,1.6,2.9,4.5,0.5,0.3,0.7,1.1,10.0
/player/2584/traditional/,124,Willie Green,81,22.6,8.5,3.5,8.1,43.5,0.6,2.0,31.7,0.8,1.0,72.9,0.4,1.2,1.6,2.0,0.7,0.2,0.8,7.1
/player/201584/traditional/,125,Courtney Lee,77,25.2,8.4,3.2,7.0,45.0,1.1,2.6,40.4,1.0,1.2,83.0,0.2,2.1,2.3,1.2,1.0,0.2,0.9,8.1
/player/2294/traditional/,126,Charlie Bell,70,25.5,8.4,3.1,7.5,41.4,1.2,3.4,36.3,0.9,1.1,82.5,0.5,1.5,1.9,2.2,0.7,0.1,1.1,7.6
/player/2588/traditional/,127,Matt Bonner,81,23.8,8.2,3.3,6.6,49.6,1.5,3.3,44.0,0.2,0.3,73.9,1.2,3.6,4.8,1.0,0.6,0.3,0.5,11.0
/player/2555/traditional/,128,Nick Collison,71,25.8,8.2,3.4,6.0,56.8,0.0,0.0,0.0,1.4,1.9,72.1,2.5,4.3,6.9,0.9,0.7,0.7,1.0,13.3
/player/2574/traditional/,129,Jason Kapono,80,22.9,8.2,3.3,7.6,43.2,1.2,2.9,42.8,0.4,0.5,81.0,0.3,1.7,2.0,1.3,0.3,0.0,0.9,6.6
/player/201575/traditional/,130,Brandon Rush,75,24.0,8.1,3.2,7.7,42.3,1.0,2.8,37.3,0.6,0.9,69.7,0.5,2.7,3.1,0.9,0.5,0.5,1.0,7.4
/player/2250/traditional/,131,Bobby Simmons,71,24.4,7.8,2.8,6.2,44.9,1.6,3.7,44.7,0.6,0.8,74.1,1.0,2.9,3.9,1.3,0.7,0.1,0.9,9.4
/player/200789/traditional/,132,Daniel Gibson,75,23.9,7.8,2.7,7.0,39.1,1.4,3.8,38.2,0.9,1.1,76.7,0.4,1.7,2.1,1.8,0.6,0.2,0.8,7.1
/player/200826/traditional/,133,J.J. Barea,79,20.3,7.8,3.1,7.1,44.2,0.7,1.9,35.7,0.9,1.2,75.3,0.5,1.8,2.2,3.4,0.5,0.1,1.3,8.4
/player/201578/traditional/,134,Marreese Speights,79,16.0,7.7,3.2,6.4,50.2,0.0,0.1,25.0,1.3,1.7,77.3,1.6,2.2,3.7,0.4,0.3,0.7,0.6,8.7
/player/200796/traditional/,135,Leon Powe,70,17.5,7.7,2.5,4.8,52.4,0.0,0.0,0.0,2.6,3.8,68.9,2.1,2.9,4.9,0.7,0.3,0.5,1.1,9.6
/player/101121/traditional/,136,Joey Graham,78,19.8,7.7,3.0,6.2,48.1,0.0,0.2,18.8,1.7,2.1,82.5,1.2,2.5,3.7,0.6,0.4,0.2,0.9,8.1
/player/200768/traditional/,137,Kyle Lowry,77,21.8,7.6,2.5,5.6,43.5,0.3,1.3,25.5,2.4,2.9,80.1,0.3,2.1,2.5,3.6,0.9,0.2,1.5,9.4
/player/1517/traditional/,138,Bobby Jackson,71,20.9,7.5,2.7,6.8,39.8,0.8,2.8,30.5,1.2,1.4,85.1,0.6,2.2,2.8,2.0,0.9,0.1,0.9,8.0
/player/2443/traditional/,139,Darius Songaila,77,19.8,7.4,3.2,5.9,53.2,0.0,0.0,0.0,1.0,1.2,88.9,1.0,2.0,2.9,1.2,0.8,0.3,1.0,8.7
/player/201601/traditional/,140,Luc Mbah a Moute,82,25.8,7.2,2.8,6.0,46.2,0.0,0.0,0.0,1.7,2.3,72.9,2.3,3.6,5.9,1.1,1.1,0.5,1.2,10.8
/player/200081/traditional/,141,Jamario Moon,80,25.9,7.2,2.8,5.9,46.8,0.8,2.3,35.5,0.9,1.0,85.0,0.7,3.8,4.6,1.2,1.1,0.8,0.5,11.0
/player/2230/traditional/,142,Maurice Evans,80,23.0,7.2,2.6,6.0,43.2,1.2,3.1,39.5,0.8,0.9,82.2,1.1,1.9,3.0,0.7,0.6,0.1,0.5,7.5
/player/201579/traditional/,143,Roy Hibbert,70,14.4,7.1,2.8,6.0,47.1,0.0,0.0,0.0,1.4,2.1,66.7,1.6,1.8,3.5,0.7,0.3,1.1,0.8,7.9
/player/1887/traditional/,144,Wally Szczerbiak,74,20.6,7.0,2.4,5.4,45.0,0.9,2.3,41.1,1.2,1.4,84.9,0.6,2.6,3.1,1.1,0.4,0.1,0.7,7.8
/player/201175/traditional/,145,Glen Davis,76,21.5,7.0,2.6,5.9,44.2,0.0,0.1,40.0,1.7,2.3,73.0,1.6,2.4,4.0,0.9,0.7,0.3,0.9,7.9
/player/200779/traditional/,146,Steve Novak,71,16.4,6.9,2.5,5.6,44.4,1.7,4.0,41.6,0.3,0.3,91.3,0.3,1.5,1.8,0.6,0.3,0.1,0.3,6.2
/player/2209/traditional/,147,Vladimir Radmanovic,78,18.5,6.9,2.5,6.0,42.1,1.3,3.4,40.1,0.6,0.7,74.1,0.6,2.3,2.8,1.0,0.6,0.2,1.3,6.7
/player/1725/traditional/,148,Rasho Nesterovic,70,17.3,6.8,3.2,6.2,51.3,0.0,0.0,0.0,0.4,0.5,78.1,1.3,2.1,3.4,1.6,0.4,0.5,0.9,8.7
/player/201149/traditional/,149,Joakim Noah,80,24.2,6.7,2.6,4.7,55.6,0.0,0.0,0.0,1.5,2.3,67.6,3.1,4.5,7.6,1.3,0.6,1.4,1.0,13.8
/player/201580/traditional/,150,JaVale McGee,75,15.2,6.5,2.5,5.2,49.4,0.0,0.0,0.0,1.4,2.2,66.0,1.6,2.3,3.9,0.3,0.4,1.0,0.8,8.0
/player/2223/traditional/,151,Samuel Dalembert,82,24.8,6.4,2.6,5.3,49.8,0.0,0.0,0.0,1.1,1.5,73.4,2.6,5.9,8.5,0.2,0.4,1.8,1.4,12.8
/player/2365/traditional/,152,Chris Andersen,71,20.6,6.4,2.3,4.1,54.8,0.0,0.1,20.0,1.8,2.5,71.8,2.3,3.9,6.2,0.4,0.6,2.5,1.0,12.5
/player/2585/traditional/,153,Zaza Pachulia,77,19.1,6.2,2.1,4.2,49.7,0.0,0.0,0.0,2.1,3.0,70.9,2.2,3.4,5.7,0.7,0.5,0.3,1.2,9.3
/player/1902/traditional/,154,Jeff Foster,74,24.7,6.1,2.4,4.8,50.1,0.0,0.1,28.6,1.3,2.0,65.8,2.9,4.0,6.9,1.8,0.7,0.7,1.2,11.9
/player/101142/traditional/,155,Ronny Turiaf,79,21.5,5.9,2.4,4.6,50.8,0.0,0.0,0.0,1.2,1.6,79.0,1.1,3.4,4.6,2.1,0.4,2.1,0.9,11.7
/player/101131/traditional/,156,Jason Maxiell,78,18.1,5.8,2.4,4.1,57.5,0.0,0.0,0.0,1.1,2.0,53.2,2.2,2.0,4.2,0.3,0.3,0.8,0.6,8.1
/player/2756/traditional/,157,Sasha Vujacic,80,16.2,5.8,1.9,5.0,38.7,1.0,2.8,36.3,0.9,1.0,92.1,0.2,1.5,1.7,1.4,1.0,0.1,0.4,6.3
/player/201588/traditional/,158,George Hill,77,16.5,5.7,1.9,4.8,40.3,0.3,0.9,32.9,1.5,1.9,78.1,0.4,1.7,2.1,1.8,0.6,0.3,1.0,6.1
/player/956/traditional/,159,Erick Dampier,80,23.0,5.7,2.3,3.5,65.0,0.0,0.0,0.0,1.1,1.8,63.8,2.7,4.4,7.1,1.0,0.3,1.2,0.9,12.4
/player/201589/traditional/,160,Darrell Arthur,76,19.3,5.6,2.5,5.7,43.8,0.0,0.0,0.0,0.5,0.8,66.7,1.4,3.1,4.6,0.6,0.7,0.7,0.6,7.9
/player/2038/traditional/,161,Joel Przybilla,82,23.8,5.5,2.0,3.3,62.5,0.0,0.0,0.0,1.4,2.1,66.3,2.5,6.3,8.7,0.3,0.4,1.2,1.0,13.3
/player/2563/traditional/,162,Dahntay Jones,79,18.1,5.4,1.9,4.3,45.8,0.1,0.2,64.7,1.4,1.9,72.8,0.7,1.4,2.1,1.0,0.6,0.2,0.9,5.7
/player/201587/traditional/,163,Nicolas Batum,79,18.4,5.4,2.0,4.6,44.6,0.8,2.1,36.9,0.5,0.7,80.8,1.1,1.7,2.8,0.9,0.6,0.5,0.6,7.0
/player/1853/traditional/,164,Anthony Carter,78,22.9,5.3,2.1,4.9,43.3,0.3,1.1,23.9,0.7,1.0,73.1,0.5,2.1,2.6,4.7,1.2,0.2,2.0,8.9
/player/1533/traditional/,165,Anthony Johnson,80,18.5,5.3,1.9,4.8,40.4,0.7,1.7,39.1,0.8,1.0,75.3,0.4,1.5,1.8,2.5,0.6,0.1,1.0,6.1
/player/201167/traditional/,166,Arron Afflalo,74,16.7,4.9,1.8,4.1,43.7,0.6,1.4,40.2,0.8,1.0,81.7,0.4,1.4,1.8,0.6,0.4,0.2,0.6,4.8
/player/1499/traditional/,167,Tony Battie,77,15.6,4.8,2.1,4.2,48.9,0.0,0.1,22.2,0.7,1.1,65.9,1.2,2.4,3.6,0.4,0.3,0.3,0.6,6.4
/player/200756/traditional/,168,Hilton Armstrong,70,15.6,4.8,2.0,3.5,56.1,0.0,0.0,0.0,0.9,1.4,63.3,1.2,1.6,2.8,0.4,0.4,0.6,1.1,5.8
/player/201187/traditional/,169,Dominic McGuire,79,26.2,4.5,1.8,4.1,43.2,0.0,0.1,50.0,0.9,1.3,72.5,1.4,4.0,5.4,2.5,0.8,0.9,1.2,10.3
/player/200771/traditional/,170,Sergio Rodriguez,80,15.3,4.5,1.6,4.1,39.2,0.5,1.4,32.5,0.8,1.0,79.2,0.5,1.1,1.6,3.6,0.7,0.0,1.5,6.2
/player/703/traditional/,171,Kurt Thomas,79,17.8,4.3,1.9,3.8,50.3,0.0,0.0,0.0,0.5,0.6,82.2,1.7,3.4,5.1,0.8,0.4,0.7,0.5,8.9
/player/200811/traditional/,172,Lou Amundson,76,13.7,4.2,1.8,3.3,53.6,0.0,0.0,0.0,0.7,1.6,44.2,1.7,1.9,3.6,0.4,0.4,0.9,0.7,6.3
/player/101146/traditional/,173,Roko Ukic,72,12.4,4.2,1.7,4.5,38.0,0.2,0.9,17.7,0.6,0.8,73.3,0.4,0.7,1.0,2.1,0.4,0.0,0.8,3.9
/player/1498/traditional/,174,Antonio Daniels,74,13.8,4.1,1.3,3.2,41.9,0.3,0.8,36.7,1.1,1.4,80.0,0.1,1.0,1.0,2.4,0.4,0.0,0.8,4.9
/player/1630/traditional/,175,Mikki Moore,70,17.2,3.9,1.6,2.9,55.3,0.0,0.0,0.0,0.7,0.9,78.7,1.1,2.6,3.7,0.8,0.2,0.3,0.7,6.7
/player/2501/traditional/,176,Reggie Evans,79,14.4,3.3,1.0,2.3,44.4,0.0,0.0,0.0,1.3,2.2,59.4,1.7,2.9,4.6,0.3,0.5,0.1,0.9,5.8
/player/2767/traditional/,177,Royal Ivey,71,12.1,3.0,1.0,2.9,33.2,0.5,1.6,34.2,0.5,0.6,79.1,0.3,0.8,1.1,0.6,0.5,0.1,0.3,2.8
/player/1477/traditional/,178,Bruce Bowen,80,18.8,2.7,1.0,2.3,42.2,0.5,1.2,42.9,0.2,0.3,53.8,0.2,1.6,1.8,0.5,0.5,0.2,0.3,3.8
/player/1510/traditional/,179,Brevin Knight,74,12.7,2.4,0.9,2.6,34.9,0.0,0.1,0.0,0.6,0.9,75.0,0.2,1.0,1.2,2.6,0.9,0.1,0.9,4.4
/player/2205/traditional/,180,DeSagana Diop,75,13.8,2.3,1.0,2.3,43.3,0.0,0.0,0.0,0.3,0.9,33.3,1.5,2.1,3.6,0.4,0.4,0.7,0.5,5.1
/player/101236/traditional/,181,Chuck Hayes,71,12.1,1.3,0.6,1.6,37.2,0.0,0.1,0.0,0.1,0.3,36.8,1.0,2.5,3.5,0.6,0.5,0.3,0.4,4.6
